"TOA5","S6100","CR1000","E11654","CR1000.Std.31.02","CPU:S6102_ZB_P1.CR1","16643","ZB_P1_T2"
"TIMESTAMP","RECORD","Perm_1_Avg","Period_1_Avg","VR_1_Avg","Perm_2_Avg","Period_2_Avg","VR_2_Avg","Perm_3_Avg","Period_3_Avg","VR_3_Avg"
"TS","RN","","","","","","","","",""
"","","Avg","Avg","Avg","Avg","Avg","Avg","Avg","Avg","Avg"
"2018-12-19 14:00:00",0,1.362,0.046,0.019,1.286,0.045,0.019,0.618,0.036,0.018
"2018-12-19 15:00:00",1,77.61,2.609,1.086,73.33,2.561,1.062,35.22,2.05,1.032
"2018-12-19 16:00:00",2,77.61,2.609,1.086,73.32,2.561,1.062,35.22,2.05,1.032
"2018-12-19 17:00:00",3,77.61,2.609,1.086,73.33,2.561,1.062,35.22,2.05,1.032
"2018-12-19 18:00:00",4,77.6,2.609,1.085,73.33,2.561,1.063,35.22,2.05,1.032
"2018-12-19 19:00:00",5,77.61,2.609,1.085,73.33,2.561,1.062,35.22,2.05,1.032
"2018-12-19 20:00:00",6,77.61,2.609,1.085,73.33,2.561,1.062,35.22,2.05,1.032
"2018-12-19 21:00:00",7,77.51,2.608,1.085,73.32,2.561,1.062,35.22,2.05,1.033
"2018-12-19 22:00:00",8,77.52,2.608,1.087,73.33,2.561,1.062,35.22,2.05,1.032
"2018-12-19 23:00:00",9,77.51,2.608,1.086,73.33,2.561,1.062,35.22,2.05,1.032
"2018-12-20 00:00:00",10,77.51,2.608,1.086,73.32,2.561,1.062,35.22,2.05,1.032
"2018-12-20 01:00:00",11,77.51,2.608,1.086,73.33,2.561,1.063,35.22,2.05,1.033
"2018-12-20 02:00:00",12,77.51,2.608,1.086,73.33,2.561,1.062,35.22,2.05,1.032
"2018-12-20 03:00:00",13,77.51,2.608,1.086,73.33,2.561,1.062,35.22,2.05,1.032
"2018-12-20 04:00:00",14,77.51,2.608,1.085,73.33,2.561,1.063,35.22,2.05,1.032
"2018-12-20 05:00:00",15,77.51,2.608,1.085,73.33,2.561,1.062,35.16,2.049,1.032
"2018-12-20 06:00:00",16,77.5,2.608,1.085,73.33,2.561,1.062,35.16,2.049,1.032
"2018-12-20 07:00:00",17,77.51,2.608,1.086,73.33,2.561,1.063,35.16,2.049,1.032
"2018-12-20 08:00:00",18,77.5,2.608,1.085,73.33,2.561,1.062,35.16,2.049,1.033
"2018-12-20 09:00:00",19,77.51,2.608,1.086,73.33,2.561,1.062,35.16,2.049,1.032
"2018-12-20 10:00:00",20,77.51,2.608,1.085,73.33,2.561,1.062,35.16,2.049,1.032
"2018-12-20 11:00:00",21,77.51,2.608,1.086,73.33,2.561,1.062,35.16,2.049,1.032
"2018-12-20 12:00:00",22,77.5,2.608,1.085,73.33,2.561,1.063,35.16,2.049,1.032
"2018-12-20 13:00:00",23,77.51,2.608,1.086,73.33,2.561,1.062,35.16,2.049,1.033
"2018-12-20 14:00:00",24,77.51,2.608,1.086,73.33,2.561,1.063,35.16,2.049,1.032
"2018-12-20 15:00:00",25,77.5,2.608,1.085,73.33,2.561,1.063,35.16,2.049,1.032
"2018-12-20 16:00:00",26,77.61,2.609,1.086,73.33,2.561,1.063,35.1,2.048,1.032
"2018-12-20 17:00:00",27,77.61,2.609,1.086,73.33,2.561,1.062,35.1,2.048,1.032
"2018-12-20 18:00:00",28,77.61,2.609,1.086,73.33,2.561,1.063,35.1,2.048,1.032
"2018-12-20 19:00:00",29,77.61,2.609,1.086,73.33,2.561,1.063,35.1,2.048,1.032
"2018-12-20 20:00:00",30,77.71,2.61,1.086,73.33,2.561,1.062,35.1,2.048,1.032
"2018-12-20 21:00:00",31,77.71,2.61,1.086,73.33,2.561,1.063,35.1,2.048,1.032
"2018-12-20 22:00:00",32,77.71,2.61,1.086,73.33,2.561,1.063,35.1,2.048,1.032
"2018-12-20 23:00:00",33,77.7,2.61,1.085,73.33,2.561,1.063,35.1,2.048,1.032
"2018-12-21 00:00:00",34,77.7,2.61,1.085,73.33,2.561,1.062,35.1,2.048,1.032
"2018-12-21 01:00:00",35,77.7,2.61,1.085,73.33,2.561,1.063,35.1,2.048,1.033
"2018-12-21 02:00:00",36,77.6,2.609,1.085,73.33,2.561,1.063,35.16,2.049,1.032
"2018-12-21 03:00:00",37,77.6,2.609,1.085,73.33,2.561,1.063,35.16,2.049,1.032
"2018-12-21 04:00:00",38,77.6,2.609,1.085,73.33,2.561,1.063,35.16,2.049,1.032
"2018-12-21 05:00:00",39,77.61,2.609,1.085,73.32,2.561,1.062,35.16,2.049,1.032
"2018-12-21 06:00:00",40,77.61,2.609,1.085,73.33,2.561,1.063,35.16,2.049,1.032
"2018-12-21 07:00:00",41,77.81,2.611,1.086,73.43,2.562,1.063,35.1,2.048,1.033
"2018-12-21 08:00:00",42,77.81,2.611,1.086,73.52,2.563,1.063,35.22,2.05,1.032
"2018-12-21 09:00:00",43,77.81,2.611,1.086,73.52,2.563,1.063,35.22,2.05,1.032
"2018-12-21 10:00:00",44,77.8,2.611,1.085,73.52,2.563,1.063,35.22,2.05,1.032
"2018-12-21 11:00:00",45,77.7,2.61,1.085,73.52,2.563,1.063,35.22,2.05,1.032
"2018-12-21 12:00:00",46,77.71,2.61,1.086,73.52,2.563,1.063,35.28,2.052,1.032
"2018-12-21 13:00:00",47,77.71,2.61,1.086,73.52,2.563,1.063,35.28,2.052,1.033
"2018-12-21 14:00:00",48,77.71,2.61,1.086,73.52,2.563,1.063,35.28,2.051,1.033
"2018-12-21 15:00:00",49,77.7,2.61,1.085,73.52,2.563,1.063,35.22,2.05,1.032
"2018-12-21 16:00:00",50,77.71,2.61,1.085,73.52,2.563,1.063,35.22,2.05,1.033
"2018-12-21 17:00:00",51,77.71,2.61,1.086,73.52,2.563,1.063,35.22,2.05,1.033
"2018-12-21 18:00:00",52,77.8,2.611,1.085,73.52,2.563,1.063,35.22,2.05,1.032
"2018-12-21 19:00:00",53,77.81,2.611,1.086,73.52,2.563,1.063,35.16,2.049,1.032
"2018-12-21 20:00:00",54,77.71,2.61,1.086,73.42,2.562,1.063,35.16,2.049,1.032
"2018-12-21 21:00:00",55,77.71,2.61,1.086,73.43,2.562,1.063,35.16,2.049,1.032
"2018-12-21 22:00:00",56,77.71,2.61,1.086,73.42,2.562,1.063,35.16,2.049,1.032
"2018-12-21 23:00:00",57,77.72,2.61,1.087,73.43,2.562,1.063,35.1,2.048,1.032
"2018-12-22 00:00:00",58,77.72,2.61,1.086,73.43,2.562,1.063,35.1,2.048,1.032
"2018-12-22 01:00:00",59,77.71,2.61,1.086,73.42,2.562,1.063,35.1,2.048,1.032
"2018-12-22 02:00:00",60,77.71,2.61,1.086,73.43,2.562,1.063,35.1,2.048,1.032
"2018-12-22 03:00:00",61,77.72,2.61,1.087,73.42,2.562,1.063,35.1,2.048,1.032
"2018-12-22 04:00:00",62,77.72,2.61,1.087,73.43,2.562,1.063,35.1,2.048,1.032
"2018-12-22 05:00:00",63,77.62,2.609,1.087,73.43,2.562,1.063,35.04,2.047,1.032
"2018-12-22 06:00:00",64,77.72,2.61,1.087,73.43,2.562,1.063,35.22,2.05,1.032
"2018-12-22 07:00:00",65,77.72,2.61,1.087,73.52,2.563,1.063,35.22,2.05,1.032
"2018-12-22 08:00:00",66,77.72,2.61,1.088,73.43,2.562,1.063,35.22,2.05,1.033
"2018-12-22 09:00:00",67,77.63,2.609,1.088,73.42,2.562,1.063,35.22,2.05,1.033
"2018-12-22 10:00:00",68,77.63,2.609,1.088,73.42,2.562,1.063,35.22,2.05,1.033
"2018-12-22 11:00:00",69,77.62,2.609,1.087,73.43,2.562,1.063,35.22,2.05,1.033
"2018-12-22 12:00:00",70,77.63,2.609,1.088,73.43,2.562,1.063,35.22,2.05,1.033
"2018-12-22 13:00:00",71,77.63,2.609,1.088,73.43,2.562,1.063,35.16,2.049,1.032
"2018-12-22 14:00:00",72,77.63,2.609,1.088,73.43,2.562,1.063,35.16,2.049,1.032
"2018-12-22 15:00:00",73,77.63,2.609,1.088,73.42,2.562,1.063,35.16,2.049,1.032
"2018-12-22 16:00:00",74,77.63,2.609,1.088,73.43,2.562,1.064,35.1,2.048,1.032
"2018-12-22 17:00:00",75,77.63,2.609,1.088,73.43,2.562,1.063,35.1,2.048,1.032
"2018-12-22 18:00:00",76,77.64,2.609,1.089,73.43,2.562,1.063,35.1,2.048,1.033
"2018-12-22 19:00:00",77,77.63,2.609,1.088,73.33,2.561,1.063,35.04,2.047,1.033
"2018-12-22 20:00:00",78,77.63,2.609,1.089,73.33,2.561,1.063,35.03,2.047,1.032
"2018-12-22 21:00:00",79,77.64,2.609,1.089,73.33,2.561,1.063,35.04,2.047,1.033
"2018-12-22 22:00:00",80,77.64,2.609,1.089,73.33,2.561,1.063,35.04,2.047,1.032
"2018-12-22 23:00:00",81,77.53,2.608,1.089,73.33,2.561,1.062,35.1,2.048,1.032
"2018-12-23 00:00:00",82,77.55,2.608,1.09,73.33,2.561,1.063,35.1,2.048,1.033
"2018-12-23 01:00:00",83,77.54,2.608,1.09,73.33,2.561,1.063,35.1,2.048,1.033
"2018-12-23 02:00:00",84,77.54,2.608,1.089,73.33,2.561,1.063,35.1,2.048,1.032
"2018-12-23 03:00:00",85,77.54,2.608,1.09,73.34,2.561,1.064,35.1,2.048,1.033
"2018-12-23 04:00:00",86,77.44,2.606,1.09,73.33,2.561,1.063,35.1,2.048,1.033
"2018-12-23 05:00:00",87,77.44,2.606,1.09,73.33,2.561,1.063,35.1,2.048,1.032
"2018-12-23 06:00:00",88,77.44,2.606,1.09,73.33,2.561,1.063,35.1,2.048,1.033
"2018-12-23 07:00:00",89,77.45,2.606,1.09,73.33,2.561,1.063,35.1,2.048,1.033
"2018-12-23 08:00:00",90,77.45,2.606,1.09,73.33,2.561,1.063,35.1,2.048,1.032
"2018-12-23 09:00:00",91,77.45,2.606,1.09,73.33,2.561,1.063,35.1,2.048,1.032
"2018-12-23 10:00:00",92,77.44,2.606,1.09,73.33,2.561,1.063,35.1,2.048,1.032
"2018-12-23 11:00:00",93,77.45,2.606,1.09,73.34,2.561,1.064,35.1,2.048,1.032
"2018-12-23 12:00:00",94,77.35,2.605,1.09,73.33,2.561,1.063,35.1,2.048,1.032
"2018-12-23 13:00:00",95,77.45,2.606,1.09,73.33,2.561,1.063,35.1,2.048,1.033
"2018-12-23 14:00:00",96,77.45,2.606,1.09,73.33,2.561,1.063,35.1,2.048,1.032
"2018-12-23 15:00:00",97,77.45,2.606,1.09,73.33,2.561,1.063,35.03,2.047,1.032
"2018-12-23 16:00:00",98,77.55,2.608,1.091,73.33,2.561,1.063,35.03,2.047,1.032
"2018-12-23 17:00:00",99,77.56,2.608,1.091,73.33,2.561,1.063,35.1,2.048,1.032
"2018-12-23 18:00:00",100,77.56,2.608,1.091,73.33,2.561,1.063,35.1,2.048,1.032
"2018-12-23 19:00:00",101,77.55,2.608,1.091,73.33,2.561,1.063,35.1,2.048,1.032
"2018-12-23 20:00:00",102,77.55,2.608,1.09,73.33,2.561,1.063,35.1,2.048,1.032
"2018-12-23 21:00:00",103,77.55,2.608,1.09,73.33,2.561,1.063,35.16,2.049,1.033
"2018-12-23 22:00:00",104,77.55,2.608,1.091,73.43,2.562,1.063,35.22,2.05,1.033
"2018-12-23 23:00:00",105,77.56,2.608,1.091,73.43,2.562,1.063,35.22,2.05,1.032
"2018-12-24 00:00:00",106,77.56,2.608,1.091,73.43,2.562,1.064,35.22,2.05,1.032
"2018-12-24 01:00:00",107,77.55,2.608,1.091,73.43,2.562,1.064,35.22,2.05,1.032
"2018-12-24 02:00:00",108,77.56,2.608,1.091,73.43,2.562,1.063,35.22,2.05,1.032
"2018-12-24 03:00:00",109,77.55,2.608,1.091,73.43,2.562,1.064,35.22,2.05,1.032
"2018-12-24 04:00:00",110,77.55,2.608,1.091,73.43,2.562,1.064,35.22,2.05,1.032
"2018-12-24 05:00:00",111,77.55,2.608,1.091,73.43,2.562,1.063,35.22,2.05,1.032
"2018-12-24 06:00:00",112,77.56,2.608,1.091,73.43,2.562,1.063,35.22,2.05,1.033
"2018-12-24 07:00:00",113,77.55,2.608,1.091,73.43,2.562,1.063,35.22,2.05,1.033
"2018-12-24 08:00:00",114,77.56,2.608,1.091,73.43,2.562,1.063,35.22,2.05,1.033
"2018-12-24 09:00:00",115,77.56,2.608,1.091,73.34,2.561,1.064,35.16,2.049,1.033
"2018-12-24 10:00:00",116,77.55,2.608,1.091,73.33,2.561,1.063,35.16,2.049,1.032
"2018-12-24 11:00:00",117,77.55,2.608,1.091,73.33,2.561,1.063,35.16,2.049,1.033
"2018-12-24 12:00:00",118,77.56,2.608,1.091,73.34,2.561,1.064,35.16,2.049,1.032
"2018-12-24 13:00:00",119,77.55,2.608,1.091,73.34,2.561,1.064,35.1,2.048,1.032
"2018-12-24 14:00:00",120,77.46,2.606,1.091,73.33,2.561,1.063,35.1,2.048,1.032
"2018-12-24 15:00:00",121,77.45,2.606,1.091,73.33,2.561,1.063,35.1,2.048,1.032
"2018-12-24 16:00:00",122,77.46,2.606,1.091,73.33,2.561,1.063,35.03,2.047,1.032
"2018-12-24 17:00:00",123,77.46,2.606,1.092,73.33,2.561,1.064,35.03,2.047,1.032
"2018-12-24 18:00:00",124,77.46,2.606,1.091,73.34,2.561,1.064,35.04,2.047,1.033
"2018-12-24 19:00:00",125,77.46,2.606,1.092,73.33,2.561,1.063,35.04,2.047,1.033
"2018-12-24 20:00:00",126,77.46,2.606,1.091,73.34,2.561,1.064,35.1,2.048,1.033
"2018-12-24 21:00:00",127,77.46,2.606,1.092,73.33,2.561,1.063,35.16,2.049,1.033
"2018-12-24 22:00:00",128,77.46,2.606,1.092,73.24,2.56,1.064,35.22,2.05,1.032
"2018-12-24 23:00:00",129,77.36,2.605,1.092,73.24,2.56,1.063,35.22,2.05,1.033
"2018-12-25 00:00:00",130,77.36,2.605,1.091,73.24,2.56,1.063,35.22,2.05,1.032
"2018-12-25 01:00:00",131,77.36,2.605,1.091,73.24,2.56,1.063,35.22,2.05,1.032
"2018-12-25 02:00:00",132,77.36,2.605,1.091,73.24,2.56,1.063,35.16,2.049,1.032
"2018-12-25 03:00:00",133,77.36,2.605,1.092,73.24,2.56,1.063,35.16,2.049,1.033
"2018-12-25 04:00:00",134,77.36,2.605,1.092,73.24,2.56,1.063,35.22,2.05,1.032
"2018-12-25 05:00:00",135,77.36,2.605,1.091,73.24,2.56,1.063,35.16,2.049,1.032
"2018-12-25 06:00:00",136,77.36,2.605,1.091,73.24,2.56,1.064,35.16,2.049,1.032
"2018-12-25 07:00:00",137,77.36,2.605,1.091,73.24,2.56,1.064,35.16,2.049,1.032
"2018-12-25 08:00:00",138,77.36,2.605,1.091,73.24,2.56,1.064,35.16,2.049,1.033
"2018-12-25 09:00:00",139,77.36,2.605,1.092,73.24,2.56,1.063,35.16,2.049,1.032
"2018-12-25 10:00:00",140,77.36,2.605,1.092,73.24,2.56,1.063,35.16,2.049,1.032
"2018-12-25 11:00:00",141,77.36,2.605,1.091,73.24,2.56,1.063,35.22,2.05,1.032
"2018-12-25 12:00:00",142,77.36,2.605,1.091,73.24,2.56,1.064,35.16,2.049,1.033
"2018-12-25 13:00:00",143,77.36,2.605,1.091,73.24,2.56,1.064,35.1,2.048,1.032
"2018-12-25 14:00:00",144,77.36,2.605,1.092,73.24,2.56,1.064,35.1,2.048,1.032
"2018-12-25 15:00:00",145,77.35,2.605,1.091,73.24,2.56,1.064,35.1,2.048,1.033
"2018-12-25 16:00:00",146,77.35,2.605,1.091,73.24,2.56,1.064,35.16,2.049,1.033
"2018-12-25 17:00:00",147,77.36,2.605,1.091,73.24,2.56,1.063,35.16,2.049,1.032
"2018-12-25 18:00:00",148,77.35,2.605,1.091,73.24,2.56,1.064,35.16,2.049,1.032
"2018-12-25 19:00:00",149,77.35,2.605,1.091,73.24,2.56,1.064,35.22,2.05,1.032
"2018-12-25 20:00:00",150,77.26,2.604,1.091,73.24,2.56,1.064,35.22,2.05,1.032
"2018-12-25 21:00:00",151,77.25,2.604,1.091,73.24,2.56,1.064,35.22,2.05,1.032
"2018-12-25 22:00:00",152,77.26,2.604,1.091,73.24,2.56,1.064,35.22,2.05,1.032
"2018-12-25 23:00:00",153,77.16,2.603,1.091,73.24,2.56,1.064,35.22,2.05,1.033
"2018-12-26 00:00:00",154,77.16,2.603,1.091,73.24,2.56,1.064,35.22,2.05,1.032
"2018-12-26 01:00:00",155,77.25,2.604,1.091,73.24,2.56,1.063,35.22,2.05,1.032
"2018-12-26 02:00:00",156,77.26,2.604,1.091,73.24,2.56,1.063,35.22,2.05,1.032
"2018-12-26 03:00:00",157,77.25,2.604,1.09,73.24,2.56,1.063,35.22,2.05,1.032
"2018-12-26 04:00:00",158,77.25,2.604,1.09,73.24,2.56,1.063,35.22,2.05,1.032
"2018-12-26 05:00:00",159,77.26,2.604,1.091,73.24,2.56,1.063,35.22,2.05,1.033
"2018-12-26 06:00:00",160,77.25,2.604,1.09,73.24,2.56,1.063,35.22,2.05,1.032
"2018-12-26 07:00:00",161,77.35,2.605,1.091,73.24,2.56,1.063,35.22,2.05,1.032
"2018-12-26 08:00:00",162,77.35,2.605,1.09,73.24,2.56,1.063,35.22,2.05,1.032
"2018-12-26 09:00:00",163,77.35,2.605,1.09,73.24,2.56,1.064,35.22,2.05,1.032
"2018-12-26 10:00:00",164,77.35,2.605,1.09,73.24,2.56,1.063,35.22,2.05,1.033
"2018-12-26 11:00:00",165,77.35,2.605,1.09,73.24,2.56,1.064,35.22,2.05,1.033
"2018-12-26 12:00:00",166,77.34,2.605,1.089,73.24,2.56,1.064,35.22,2.05,1.033
"2018-12-26 13:00:00",167,77.34,2.605,1.089,73.24,2.56,1.064,35.22,2.05,1.033
"2018-12-26 14:00:00",168,77.34,2.605,1.089,73.24,2.56,1.063,35.16,2.049,1.033
"2018-12-26 15:00:00",169,77.34,2.605,1.089,73.24,2.56,1.063,35.16,2.049,1.032
"2018-12-26 16:00:00",170,77.44,2.606,1.089,73.24,2.56,1.063,35.16,2.049,1.032
"2018-12-26 17:00:00",171,77.44,2.606,1.089,73.23,2.56,1.063,35.16,2.049,1.032
"2018-12-26 18:00:00",172,77.43,2.606,1.088,73.24,2.56,1.064,35.16,2.049,1.033
"2018-12-26 19:00:00",173,77.43,2.606,1.089,73.24,2.56,1.063,35.22,2.05,1.033
"2018-12-26 20:00:00",174,77.44,2.606,1.089,73.24,2.56,1.064,35.22,2.05,1.033
"2018-12-26 21:00:00",175,77.43,2.606,1.088,73.24,2.56,1.063,35.22,2.05,1.033
"2018-12-26 22:00:00",176,77.43,2.606,1.088,73.23,2.56,1.063,35.22,2.05,1.033
"2018-12-26 23:00:00",177,77.43,2.606,1.088,73.24,2.56,1.063,35.22,2.05,1.032
"2018-12-27 00:00:00",178,77.54,2.608,1.089,73.24,2.56,1.063,35.22,2.05,1.032
"2018-12-27 01:00:00",179,77.53,2.608,1.088,73.24,2.56,1.063,35.22,2.05,1.032
"2018-12-27 02:00:00",180,77.53,2.608,1.088,73.24,2.56,1.063,35.22,2.05,1.032
"2018-12-27 03:00:00",181,77.52,2.608,1.087,73.24,2.56,1.063,35.22,2.05,1.033
"2018-12-27 04:00:00",182,77.53,2.608,1.087,73.33,2.561,1.063,35.22,2.05,1.032
"2018-12-27 05:00:00",183,77.52,2.608,1.087,73.33,2.561,1.063,35.22,2.05,1.032
"2018-12-27 06:00:00",184,77.52,2.608,1.087,73.34,2.561,1.064,35.22,2.05,1.032
"2018-12-27 07:00:00",185,77.52,2.608,1.087,73.33,2.561,1.063,35.22,2.05,1.032
"2018-12-27 08:00:00",186,77.52,2.608,1.087,73.33,2.561,1.063,35.22,2.05,1.032
"2018-12-27 09:00:00",187,77.62,2.609,1.087,73.33,2.561,1.063,35.22,2.05,1.032
"2018-12-27 10:00:00",188,77.62,2.609,1.087,73.33,2.561,1.063,35.22,2.05,1.032
"2018-12-27 11:00:00",189,77.61,2.609,1.086,73.33,2.561,1.063,35.22,2.05,1.033
"2018-12-27 12:00:00",190,77.61,2.609,1.086,73.33,2.561,1.063,35.22,2.05,1.033
"2018-12-27 13:00:00",191,77.51,2.608,1.086,73.33,2.561,1.063,35.16,2.049,1.032
"2018-12-27 14:00:00",192,77.52,2.608,1.087,73.33,2.561,1.063,35.16,2.049,1.032
"2018-12-27 15:00:00",193,77.62,2.609,1.087,73.33,2.561,1.063,35.16,2.049,1.032
"2018-12-27 16:00:00",194,77.61,2.609,1.086,73.33,2.561,1.063,35.16,2.049,1.032
"2018-12-27 17:00:00",195,77.61,2.609,1.086,73.33,2.561,1.063,35.16,2.049,1.032
"2018-12-27 18:00:00",196,77.61,2.609,1.086,73.33,2.561,1.063,35.16,2.049,1.033
"2018-12-27 19:00:00",197,77.61,2.609,1.086,73.33,2.561,1.063,35.16,2.049,1.032
"2018-12-27 20:00:00",198,77.62,2.609,1.086,73.33,2.561,1.063,35.16,2.049,1.032
"2018-12-27 21:00:00",199,77.61,2.609,1.086,73.43,2.562,1.063,35.16,2.049,1.032
"2018-12-27 22:00:00",200,77.61,2.609,1.086,73.42,2.562,1.063,35.22,2.05,1.032
"2018-12-27 23:00:00",201,77.61,2.609,1.086,73.43,2.562,1.063,35.22,2.05,1.032
"2018-12-28 00:00:00",202,77.61,2.609,1.086,73.43,2.562,1.063,35.22,2.05,1.032
"2018-12-28 01:00:00",203,77.61,2.609,1.086,73.42,2.562,1.063,35.22,2.05,1.032
"2018-12-28 02:00:00",204,77.61,2.609,1.086,73.43,2.562,1.063,35.22,2.05,1.033
"2018-12-28 03:00:00",205,77.61,2.609,1.086,73.42,2.562,1.063,35.22,2.05,1.033
"2018-12-28 04:00:00",206,77.62,2.609,1.087,73.42,2.562,1.063,35.22,2.05,1.033
"2018-12-28 05:00:00",207,77.61,2.609,1.086,73.42,2.562,1.063,35.22,2.05,1.033
"2018-12-28 06:00:00",208,77.7,2.61,1.085,73.42,2.562,1.063,35.22,2.05,1.033
"2018-12-28 07:00:00",209,77.7,2.61,1.085,73.43,2.562,1.063,35.22,2.05,1.032
"2018-12-28 08:00:00",210,77.71,2.61,1.085,73.42,2.562,1.063,35.22,2.05,1.032
"2018-12-28 09:00:00",211,77.7,2.61,1.085,73.42,2.562,1.062,35.22,2.05,1.033
"2018-12-28 10:00:00",212,77.7,2.61,1.084,73.42,2.562,1.062,35.22,2.05,1.032
"2018-12-28 11:00:00",213,77.79,2.611,1.084,73.43,2.562,1.063,35.22,2.05,1.032
"2018-12-28 12:00:00",214,77.79,2.611,1.084,73.42,2.562,1.062,35.22,2.05,1.032
"2018-12-28 13:00:00",215,77.69,2.61,1.084,73.42,2.562,1.062,35.22,2.05,1.032
"2018-12-28 14:00:00",216,77.7,2.61,1.084,73.42,2.562,1.062,35.16,2.049,1.032
"2018-12-28 15:00:00",217,77.69,2.61,1.084,73.42,2.562,1.063,35.16,2.049,1.032
"2018-12-28 16:00:00",218,77.7,2.61,1.084,73.42,2.562,1.062,35.16,2.049,1.032
"2018-12-28 17:00:00",219,77.79,2.611,1.084,73.42,2.562,1.062,35.16,2.049,1.032
"2018-12-28 18:00:00",220,77.79,2.611,1.084,73.42,2.562,1.062,35.16,2.049,1.032
"2018-12-28 19:00:00",221,77.79,2.611,1.084,73.42,2.562,1.062,35.16,2.049,1.032
"2018-12-28 20:00:00",222,77.79,2.611,1.084,73.42,2.562,1.062,35.16,2.049,1.032
"2018-12-28 21:00:00",223,77.79,2.611,1.083,73.42,2.562,1.062,35.16,2.049,1.033
"2018-12-28 22:00:00",224,77.79,2.611,1.083,73.52,2.563,1.062,35.16,2.049,1.032
"2018-12-28 23:00:00",225,77.79,2.611,1.083,73.52,2.563,1.062,35.16,2.049,1.033
"2018-12-29 00:00:00",226,77.79,2.611,1.083,73.51,2.563,1.062,35.16,2.049,1.032
"2018-12-29 01:00:00",227,77.89,2.612,1.083,73.52,2.563,1.063,35.16,2.049,1.032
"2018-12-29 02:00:00",228,77.88,2.612,1.083,73.52,2.563,1.062,35.16,2.049,1.032
"2018-12-29 03:00:00",229,77.89,2.612,1.083,73.52,2.563,1.062,35.16,2.049,1.032
"2018-12-29 04:00:00",230,77.88,2.612,1.083,73.52,2.563,1.062,35.16,2.049,1.033
"2018-12-29 05:00:00",231,77.89,2.612,1.084,73.52,2.563,1.062,35.16,2.049,1.032
"2018-12-29 06:00:00",232,77.89,2.612,1.083,73.52,2.563,1.062,35.16,2.049,1.032
"2018-12-29 07:00:00",233,77.99,2.613,1.083,73.52,2.563,1.063,35.16,2.049,1.033
"2018-12-29 08:00:00",234,77.98,2.613,1.083,73.52,2.563,1.062,35.16,2.049,1.032
"2018-12-29 09:00:00",235,77.98,2.613,1.083,73.52,2.563,1.062,35.16,2.049,1.032
"2018-12-29 10:00:00",236,77.99,2.613,1.083,73.52,2.563,1.062,35.16,2.049,1.032
"2018-12-29 11:00:00",237,78.08,2.614,1.083,73.52,2.563,1.062,35.16,2.049,1.033
"2018-12-29 12:00:00",238,78.09,2.614,1.083,73.51,2.563,1.062,35.16,2.049,1.032
"2018-12-29 13:00:00",239,78.09,2.614,1.084,73.52,2.563,1.062,35.16,2.049,1.032
"2018-12-29 14:00:00",240,78.09,2.614,1.083,73.51,2.563,1.062,35.16,2.049,1.032
"2018-12-29 15:00:00",241,78.08,2.614,1.082,73.51,2.563,1.062,35.16,2.049,1.033
"2018-12-29 16:00:00",242,78.09,2.614,1.083,73.51,2.563,1.062,35.16,2.049,1.033
"2018-12-29 17:00:00",243,78.09,2.614,1.083,73.52,2.563,1.062,35.16,2.049,1.032
"2018-12-29 18:00:00",244,78.18,2.616,1.083,73.52,2.564,1.062,35.1,2.048,1.032
"2018-12-29 19:00:00",245,78.18,2.616,1.083,73.61,2.565,1.062,35.03,2.047,1.032
"2018-12-29 20:00:00",246,78.19,2.616,1.083,73.61,2.565,1.062,35.03,2.047,1.032
"2018-12-29 21:00:00",247,78.19,2.616,1.084,73.61,2.565,1.062,35.04,2.047,1.032
"2018-12-29 22:00:00",248,78.18,2.616,1.083,73.61,2.565,1.062,35.1,2.048,1.033
"2018-12-29 23:00:00",249,78.18,2.616,1.083,73.61,2.565,1.062,35.04,2.047,1.032
"2018-12-30 00:00:00",250,78.18,2.616,1.083,73.61,2.565,1.062,35.1,2.048,1.032
"2018-12-30 01:00:00",251,78.18,2.616,1.083,73.61,2.565,1.062,35.1,2.048,1.032
"2018-12-30 02:00:00",252,78.18,2.615,1.083,73.61,2.565,1.062,35.1,2.048,1.032
"2018-12-30 03:00:00",253,78.09,2.614,1.083,73.61,2.565,1.062,35.1,2.048,1.032
"2018-12-30 04:00:00",254,78.09,2.614,1.083,73.61,2.565,1.062,35.1,2.048,1.032
"2018-12-30 05:00:00",255,78.09,2.614,1.083,73.61,2.565,1.062,35.1,2.048,1.032
"2018-12-30 06:00:00",256,78.08,2.614,1.083,73.62,2.565,1.062,35.1,2.048,1.032
"2018-12-30 07:00:00",257,78.09,2.614,1.083,73.61,2.565,1.062,35.1,2.048,1.032
"2018-12-30 08:00:00",258,78.09,2.614,1.084,73.61,2.565,1.062,35.1,2.048,1.032
"2018-12-30 09:00:00",259,77.99,2.613,1.083,73.61,2.565,1.062,35.1,2.048,1.032
"2018-12-30 10:00:00",260,77.98,2.613,1.083,73.61,2.565,1.062,35.1,2.048,1.032
"2018-12-30 11:00:00",261,77.99,2.613,1.084,73.61,2.565,1.062,35.1,2.048,1.032
"2018-12-30 12:00:00",262,77.99,2.613,1.084,73.61,2.565,1.062,35.1,2.048,1.032
"2018-12-30 13:00:00",263,77.99,2.613,1.084,73.61,2.565,1.062,35.1,2.048,1.032
"2018-12-30 14:00:00",264,77.99,2.613,1.084,73.61,2.565,1.062,35.1,2.048,1.032
"2018-12-30 15:00:00",265,77.99,2.613,1.083,73.61,2.565,1.062,35.1,2.048,1.032
"2018-12-30 16:00:00",266,77.99,2.613,1.083,73.61,2.565,1.062,35.1,2.048,1.032
"2018-12-30 17:00:00",267,77.99,2.613,1.083,73.61,2.565,1.062,35.1,2.048,1.032
"2018-12-30 18:00:00",268,77.99,2.613,1.084,73.61,2.565,1.062,35.1,2.048,1.033
"2018-12-30 19:00:00",269,77.99,2.613,1.083,73.61,2.565,1.062,35.1,2.048,1.032
"2018-12-30 20:00:00",270,77.98,2.613,1.083,73.61,2.565,1.062,35.03,2.047,1.032
"2018-12-30 21:00:00",271,77.98,2.613,1.083,73.61,2.565,1.062,35.03,2.047,1.032
"2018-12-30 22:00:00",272,77.99,2.613,1.084,73.61,2.565,1.062,35.04,2.047,1.033
"2018-12-30 23:00:00",273,77.98,2.613,1.083,73.61,2.565,1.062,35.04,2.047,1.033
"2018-12-31 00:00:00",274,77.99,2.613,1.084,73.61,2.565,1.062,35.1,2.048,1.032
"2018-12-31 01:00:00",275,78,2.613,1.084,73.61,2.565,1.062,35.1,2.048,1.032
"2018-12-31 02:00:00",276,77.98,2.613,1.083,73.61,2.565,1.062,35.1,2.048,1.032
"2018-12-31 03:00:00",277,77.99,2.613,1.084,73.61,2.565,1.062,35.1,2.048,1.032
"2018-12-31 04:00:00",278,77.99,2.613,1.083,73.61,2.565,1.062,35.1,2.048,1.032
"2018-12-31 05:00:00",279,78.09,2.614,1.084,73.61,2.565,1.062,35.1,2.048,1.032
"2018-12-31 06:00:00",280,78.09,2.614,1.084,73.61,2.565,1.062,35.1,2.048,1.032
"2018-12-31 07:00:00",281,77.99,2.613,1.084,73.61,2.565,1.062,35.1,2.048,1.032
"2018-12-31 08:00:00",282,77.99,2.613,1.083,73.62,2.565,1.063,35.1,2.048,1.032
"2018-12-31 09:00:00",283,77.99,2.613,1.083,73.61,2.565,1.062,35.1,2.048,1.032
"2018-12-31 10:00:00",284,77.99,2.613,1.084,73.61,2.565,1.062,35.1,2.048,1.032
"2018-12-31 11:00:00",285,77.99,2.613,1.084,73.61,2.565,1.062,35.1,2.048,1.032
"2018-12-31 12:00:00",286,77.99,2.613,1.084,73.61,2.565,1.062,35.1,2.048,1.032
"2018-12-31 13:00:00",287,77.99,2.613,1.084,73.62,2.565,1.063,35.1,2.048,1.032
"2018-12-31 14:00:00",288,78,2.613,1.085,73.61,2.565,1.062,35.1,2.048,1.032
"2018-12-31 15:00:00",289,77.99,2.613,1.083,73.61,2.565,1.062,35.1,2.048,1.032
"2018-12-31 16:00:00",290,77.99,2.613,1.084,73.61,2.565,1.062,35.1,2.048,1.032
"2018-12-31 17:00:00",291,77.9,2.612,1.084,73.62,2.565,1.063,35.1,2.048,1.032
"2018-12-31 18:00:00",292,77.89,2.612,1.084,73.61,2.565,1.062,35.1,2.048,1.032
"2018-12-31 19:00:00",293,77.89,2.612,1.084,73.61,2.565,1.062,35.16,2.049,1.032
"2018-12-31 20:00:00",294,77.89,2.612,1.084,73.61,2.565,1.062,35.1,2.048,1.032
"2018-12-31 21:00:00",295,77.8,2.611,1.085,73.61,2.565,1.062,35.1,2.048,1.032
"2018-12-31 22:00:00",296,77.79,2.611,1.084,73.62,2.565,1.063,35.1,2.048,1.032
"2018-12-31 23:00:00",297,77.8,2.611,1.085,73.61,2.565,1.062,35.1,2.048,1.032
"2019-01-01 00:00:00",298,77.79,2.611,1.084,73.61,2.565,1.062,35.1,2.048,1.032
"2019-01-01 01:00:00",299,77.8,2.611,1.085,73.61,2.565,1.062,35.1,2.048,1.032
"2019-01-01 02:00:00",300,77.7,2.61,1.084,73.52,2.563,1.063,35.1,2.048,1.032
"2019-01-01 03:00:00",301,77.7,2.61,1.084,73.52,2.563,1.062,35.1,2.048,1.032
"2019-01-01 04:00:00",302,77.7,2.61,1.084,73.52,2.563,1.063,35.1,2.048,1.032
"2019-01-01 05:00:00",303,77.7,2.61,1.084,73.52,2.563,1.063,35.1,2.048,1.032
"2019-01-01 06:00:00",304,77.7,2.61,1.085,73.52,2.563,1.062,35.1,2.048,1.032
"2019-01-01 07:00:00",305,77.69,2.61,1.084,73.52,2.563,1.062,35.1,2.048,1.032
"2019-01-01 08:00:00",306,77.7,2.61,1.084,73.52,2.563,1.062,35.1,2.048,1.032
"2019-01-01 09:00:00",307,77.7,2.61,1.085,73.52,2.563,1.062,35.1,2.048,1.032
"2019-01-01 10:00:00",308,77.69,2.61,1.084,73.52,2.563,1.062,35.1,2.048,1.032
"2019-01-01 11:00:00",309,77.7,2.61,1.084,73.52,2.563,1.062,35.1,2.048,1.032
"2019-01-01 12:00:00",310,77.7,2.61,1.085,73.52,2.563,1.063,35.1,2.048,1.032
"2019-01-01 13:00:00",311,77.69,2.61,1.084,73.52,2.563,1.063,35.1,2.048,1.032
"2019-01-01 14:00:00",312,77.7,2.61,1.084,73.52,2.563,1.062,35.1,2.048,1.032
"2019-01-01 15:00:00",313,77.7,2.61,1.084,73.52,2.563,1.063,35.1,2.048,1.032
"2019-01-01 16:00:00",314,77.8,2.611,1.085,73.52,2.563,1.063,35.1,2.048,1.032
"2019-01-01 17:00:00",315,77.79,2.611,1.084,73.52,2.563,1.062,35.1,2.048,1.032
"2019-01-01 18:00:00",316,77.8,2.611,1.084,73.52,2.563,1.063,35.1,2.048,1.033
"2019-01-01 19:00:00",317,77.8,2.611,1.084,73.52,2.563,1.062,35.1,2.048,1.032
"2019-01-01 20:00:00",318,77.79,2.611,1.084,73.52,2.563,1.063,35.1,2.048,1.032
"2019-01-01 21:00:00",319,77.8,2.611,1.085,73.52,2.563,1.062,35.1,2.048,1.032
"2019-01-01 22:00:00",320,77.8,2.611,1.085,73.52,2.563,1.062,35.1,2.048,1.032
"2019-01-01 23:00:00",321,77.8,2.611,1.085,73.52,2.563,1.063,35.1,2.048,1.032
"2019-01-02 00:00:00",322,77.7,2.61,1.085,73.52,2.563,1.063,35.1,2.048,1.032
"2019-01-02 01:00:00",323,77.7,2.61,1.085,73.52,2.563,1.063,35.1,2.048,1.032
"2019-01-02 02:00:00",324,77.7,2.61,1.084,73.52,2.563,1.063,35.1,2.048,1.032
"2019-01-02 03:00:00",325,77.7,2.61,1.085,73.52,2.563,1.062,35.1,2.048,1.032
"2019-01-02 04:00:00",326,77.7,2.61,1.084,73.52,2.563,1.063,35.1,2.048,1.032
"2019-01-02 05:00:00",327,77.7,2.61,1.085,73.52,2.563,1.062,35.16,2.049,1.032
"2019-01-02 06:00:00",328,77.6,2.609,1.085,73.52,2.563,1.063,35.16,2.049,1.032
"2019-01-02 07:00:00",329,77.7,2.61,1.084,73.52,2.563,1.063,35.16,2.049,1.032
"2019-01-02 08:00:00",330,77.6,2.609,1.085,73.52,2.563,1.063,35.16,2.049,1.032
"2019-01-02 09:00:00",331,77.6,2.609,1.084,73.52,2.563,1.063,35.22,2.05,1.032
"2019-01-02 10:00:00",332,77.6,2.609,1.084,73.52,2.563,1.063,35.22,2.05,1.032
"2019-01-02 11:00:00",333,77.59,2.609,1.084,73.52,2.563,1.063,35.22,2.05,1.032
"2019-01-02 12:00:00",334,77.59,2.609,1.084,73.52,2.563,1.063,35.16,2.049,1.032
"2019-01-02 13:00:00",335,77.59,2.609,1.083,73.52,2.563,1.063,35.1,2.048,1.032
"2019-01-02 14:00:00",336,77.59,2.609,1.084,73.52,2.563,1.063,35.1,2.048,1.032
"2019-01-02 15:00:00",337,77.59,2.609,1.083,73.52,2.563,1.062,35.16,2.049,1.032
"2019-01-02 16:00:00",338,77.59,2.609,1.084,73.52,2.563,1.063,35.16,2.049,1.032
"2019-01-02 17:00:00",339,77.59,2.609,1.084,73.52,2.563,1.062,35.16,2.049,1.032
"2019-01-02 18:00:00",340,77.59,2.609,1.084,73.52,2.563,1.062,35.16,2.049,1.032
"2019-01-02 19:00:00",341,77.58,2.609,1.083,73.52,2.563,1.063,35.16,2.049,1.032
"2019-01-02 20:00:00",342,77.59,2.609,1.084,73.52,2.563,1.063,35.22,2.05,1.033
"2019-01-02 21:00:00",343,77.49,2.608,1.084,73.52,2.563,1.063,35.22,2.05,1.032
"2019-01-02 22:00:00",344,77.5,2.608,1.084,73.52,2.563,1.063,35.22,2.05,1.032
"2019-01-02 23:00:00",345,77.49,2.608,1.084,73.52,2.563,1.063,35.22,2.05,1.032
"2019-01-03 00:00:00",346,77.49,2.608,1.083,73.52,2.563,1.063,35.22,2.05,1.032
"2019-01-03 01:00:00",347,77.59,2.609,1.083,73.52,2.563,1.063,35.16,2.049,1.032
"2019-01-03 02:00:00",348,77.59,2.609,1.083,73.52,2.563,1.063,35.16,2.049,1.032
"2019-01-03 03:00:00",349,77.58,2.609,1.083,73.52,2.563,1.063,35.16,2.049,1.032
"2019-01-03 04:00:00",350,77.59,2.609,1.084,73.52,2.563,1.063,35.16,2.049,1.032
"2019-01-03 05:00:00",351,77.59,2.609,1.083,73.52,2.563,1.063,35.16,2.049,1.032
"2019-01-03 06:00:00",352,77.59,2.609,1.083,73.52,2.563,1.063,35.16,2.049,1.032
"2019-01-03 07:00:00",353,77.59,2.609,1.083,73.52,2.563,1.063,35.16,2.049,1.032
"2019-01-03 08:00:00",354,77.58,2.609,1.083,73.52,2.563,1.063,35.16,2.049,1.032
"2019-01-03 09:00:00",355,77.58,2.609,1.083,73.52,2.563,1.063,35.16,2.049,1.032
"2019-01-03 10:00:00",356,77.59,2.609,1.083,73.52,2.563,1.063,35.16,2.049,1.032
"2019-01-03 11:00:00",357,77.58,2.609,1.083,73.52,2.563,1.063,35.16,2.049,1.032
"2019-01-03 12:00:00",358,77.58,2.609,1.083,73.52,2.563,1.063,35.16,2.049,1.032
"2019-01-03 13:00:00",359,77.68,2.61,1.083,73.52,2.563,1.063,35.16,2.049,1.032
"2019-01-03 14:00:00",360,77.68,2.61,1.083,73.52,2.563,1.063,35.16,2.049,1.032
"2019-01-03 15:00:00",361,77.68,2.61,1.083,73.52,2.563,1.063,35.16,2.049,1.032
"2019-01-03 16:00:00",362,77.58,2.609,1.082,73.52,2.563,1.062,35.16,2.049,1.032
"2019-01-03 17:00:00",363,77.58,2.609,1.082,73.52,2.563,1.062,35.16,2.049,1.032
"2019-01-03 18:00:00",364,77.58,2.609,1.083,73.52,2.563,1.062,35.16,2.049,1.032
"2019-01-03 19:00:00",365,77.58,2.609,1.082,73.52,2.563,1.062,35.16,2.049,1.032
"2019-01-03 20:00:00",366,77.58,2.609,1.082,73.52,2.563,1.063,35.16,2.049,1.032
"2019-01-03 21:00:00",367,77.58,2.609,1.083,73.52,2.563,1.062,35.16,2.049,1.032
"2019-01-03 22:00:00",368,77.59,2.609,1.083,73.52,2.563,1.063,35.16,2.049,1.032
"2019-01-03 23:00:00",369,77.58,2.609,1.082,73.52,2.563,1.063,35.16,2.049,1.032
"2019-01-04 00:00:00",370,77.58,2.609,1.083,73.52,2.563,1.062,35.16,2.049,1.032
"2019-01-04 01:00:00",371,77.58,2.609,1.082,73.52,2.563,1.063,35.16,2.049,1.032
"2019-01-04 02:00:00",372,77.57,2.609,1.082,73.52,2.563,1.062,35.16,2.049,1.032
"2019-01-04 03:00:00",373,77.58,2.609,1.082,73.52,2.563,1.062,35.16,2.049,1.032
"2019-01-04 04:00:00",374,77.58,2.609,1.083,73.52,2.563,1.062,35.16,2.049,1.032
"2019-01-04 05:00:00",375,77.58,2.609,1.082,73.51,2.563,1.062,35.16,2.049,1.032
"2019-01-04 06:00:00",376,77.58,2.609,1.082,73.52,2.563,1.062,35.1,2.048,1.032
"2019-01-04 07:00:00",377,77.58,2.609,1.082,73.52,2.563,1.062,35.1,2.048,1.032
"2019-01-04 08:00:00",378,77.67,2.61,1.082,73.52,2.563,1.063,35.1,2.048,1.032
"2019-01-04 09:00:00",379,77.68,2.61,1.082,73.52,2.563,1.063,35.1,2.048,1.032
"2019-01-04 10:00:00",380,77.67,2.61,1.081,73.52,2.563,1.062,35.1,2.048,1.032
"2019-01-04 11:00:00",381,77.77,2.611,1.081,73.52,2.563,1.063,35.1,2.048,1.032
"2019-01-04 12:00:00",382,77.77,2.611,1.081,73.52,2.563,1.062,35.1,2.048,1.032
"2019-01-04 13:00:00",383,77.78,2.611,1.082,73.52,2.563,1.062,35.1,2.048,1.032
"2019-01-04 14:00:00",384,77.78,2.611,1.082,73.52,2.563,1.062,35.1,2.048,1.032
"2019-01-04 15:00:00",385,77.77,2.611,1.081,73.52,2.563,1.062,35.1,2.048,1.032
"2019-01-04 16:00:00",386,77.77,2.611,1.081,73.52,2.563,1.063,35.1,2.048,1.032
"2019-01-04 17:00:00",387,77.77,2.611,1.081,73.52,2.563,1.062,35.1,2.048,1.032
"2019-01-04 18:00:00",388,77.67,2.61,1.081,73.52,2.563,1.062,35.1,2.048,1.032
"2019-01-04 19:00:00",389,77.67,2.61,1.081,73.52,2.563,1.062,35.16,2.049,1.032
"2019-01-04 20:00:00",390,77.67,2.61,1.081,73.52,2.563,1.062,35.16,2.049,1.032
"2019-01-04 21:00:00",391,77.67,2.61,1.081,73.52,2.563,1.062,35.16,2.049,1.032
"2019-01-04 22:00:00",392,77.67,2.61,1.081,73.52,2.563,1.062,35.1,2.048,1.032
"2019-01-04 23:00:00",393,77.77,2.611,1.082,73.52,2.563,1.062,35.1,2.048,1.032
"2019-01-05 00:00:00",394,77.77,2.611,1.081,73.51,2.563,1.062,35.1,2.048,1.032
"2019-01-05 01:00:00",395,77.77,2.611,1.081,73.52,2.563,1.062,35.1,2.048,1.032
"2019-01-05 02:00:00",396,77.87,2.612,1.081,73.52,2.563,1.062,35.1,2.048,1.032
"2019-01-05 03:00:00",397,77.86,2.612,1.081,73.52,2.563,1.062,35.1,2.048,1.032
"2019-01-05 04:00:00",398,77.86,2.612,1.081,73.52,2.563,1.062,35.1,2.048,1.032
"2019-01-05 05:00:00",399,77.86,2.612,1.08,73.52,2.563,1.062,35.1,2.048,1.032
"2019-01-05 06:00:00",400,77.87,2.612,1.081,73.52,2.563,1.062,35.1,2.048,1.032
"2019-01-05 07:00:00",401,77.86,2.612,1.08,73.52,2.563,1.062,35.1,2.048,1.032
"2019-01-05 08:00:00",402,77.86,2.612,1.08,73.52,2.563,1.062,35.1,2.048,1.032
"2019-01-05 09:00:00",403,77.96,2.613,1.081,73.52,2.564,1.062,35.1,2.048,1.032
"2019-01-05 10:00:00",404,77.96,2.613,1.08,73.61,2.565,1.062,35.1,2.048,1.032
"2019-01-05 11:00:00",405,77.97,2.613,1.081,73.61,2.565,1.062,35.1,2.048,1.032
"2019-01-05 12:00:00",406,77.96,2.613,1.08,73.61,2.565,1.062,35.1,2.048,1.032
"2019-01-05 13:00:00",407,77.96,2.613,1.081,73.61,2.565,1.062,35.1,2.048,1.032
"2019-01-05 14:00:00",408,77.96,2.613,1.081,73.61,2.565,1.062,35.1,2.048,1.032
"2019-01-05 15:00:00",409,77.96,2.613,1.08,73.61,2.565,1.062,35.1,2.048,1.032
"2019-01-05 16:00:00",410,77.96,2.613,1.08,73.61,2.565,1.062,35.1,2.048,1.032
"2019-01-05 17:00:00",411,77.97,2.613,1.081,73.61,2.565,1.062,35.1,2.048,1.032
"2019-01-05 18:00:00",412,77.87,2.612,1.081,73.61,2.565,1.062,35.1,2.048,1.032
"2019-01-05 19:00:00",413,77.96,2.613,1.081,73.61,2.565,1.062,35.1,2.048,1.032
"2019-01-05 20:00:00",414,77.87,2.612,1.081,73.61,2.565,1.062,35.1,2.048,1.032
"2019-01-05 21:00:00",415,77.86,2.612,1.08,73.61,2.565,1.062,35.1,2.048,1.032
"2019-01-05 22:00:00",416,77.86,2.612,1.081,73.61,2.565,1.062,35.1,2.048,1.032
"2019-01-05 23:00:00",417,77.87,2.612,1.081,73.61,2.565,1.062,35.1,2.048,1.032
"2019-01-06 00:00:00",418,77.86,2.612,1.081,73.61,2.565,1.062,35.1,2.048,1.032
"2019-01-06 01:00:00",419,77.86,2.612,1.081,73.61,2.565,1.062,35.1,2.048,1.032
"2019-01-06 02:00:00",420,77.87,2.612,1.081,73.61,2.565,1.062,35.1,2.048,1.032
"2019-01-06 03:00:00",421,77.86,2.612,1.081,73.61,2.565,1.062,35.1,2.048,1.032
"2019-01-06 04:00:00",422,77.86,2.612,1.081,73.61,2.565,1.062,35.1,2.048,1.032
"2019-01-06 05:00:00",423,77.86,2.612,1.081,73.61,2.565,1.062,35.1,2.048,1.033
"2019-01-06 06:00:00",424,77.87,2.612,1.081,73.61,2.565,1.062,35.1,2.048,1.032
"2019-01-06 07:00:00",425,77.86,2.612,1.081,73.61,2.565,1.062,35.1,2.048,1.032
"2019-01-06 08:00:00",426,77.86,2.612,1.081,73.51,2.563,1.062,35.1,2.048,1.032
"2019-01-06 09:00:00",427,77.87,2.612,1.081,73.51,2.563,1.062,35.1,2.048,1.032
"2019-01-06 10:00:00",428,77.77,2.611,1.081,73.51,2.563,1.062,35.1,2.048,1.032
"2019-01-06 11:00:00",429,77.76,2.611,1.081,73.51,2.563,1.062,35.1,2.048,1.032
"2019-01-06 12:00:00",430,77.76,2.611,1.08,73.52,2.563,1.062,35.1,2.048,1.032
"2019-01-06 13:00:00",431,77.76,2.611,1.08,73.52,2.563,1.062,35.1,2.048,1.032
"2019-01-06 14:00:00",432,77.77,2.611,1.081,73.51,2.563,1.062,35.1,2.048,1.032
"2019-01-06 15:00:00",433,77.77,2.611,1.081,73.52,2.563,1.062,35.1,2.048,1.032
"2019-01-06 16:00:00",434,77.76,2.611,1.08,73.51,2.563,1.062,35.1,2.048,1.032
"2019-01-06 17:00:00",435,77.76,2.611,1.08,73.51,2.563,1.062,35.1,2.048,1.032
"2019-01-06 18:00:00",436,77.76,2.611,1.081,73.51,2.563,1.062,35.1,2.048,1.032
"2019-01-06 19:00:00",437,77.77,2.611,1.081,73.51,2.563,1.062,35.1,2.048,1.032
"2019-01-06 20:00:00",438,77.76,2.611,1.081,73.51,2.563,1.062,35.1,2.048,1.032
"2019-01-06 21:00:00",439,77.77,2.611,1.081,73.51,2.563,1.062,35.1,2.048,1.032
"2019-01-06 22:00:00",440,77.76,2.611,1.081,73.51,2.563,1.062,35.1,2.048,1.032
"2019-01-06 23:00:00",441,77.77,2.611,1.081,73.51,2.563,1.062,35.1,2.048,1.032
"2019-01-07 00:00:00",442,77.67,2.61,1.081,73.51,2.563,1.062,35.1,2.048,1.032
"2019-01-07 01:00:00",443,77.67,2.61,1.081,73.51,2.563,1.062,35.1,2.048,1.032
"2019-01-07 02:00:00",444,77.67,2.61,1.081,73.52,2.563,1.062,35.1,2.048,1.032
"2019-01-07 03:00:00",445,77.67,2.61,1.081,73.51,2.563,1.062,35.1,2.048,1.032
"2019-01-07 04:00:00",446,77.67,2.61,1.081,73.51,2.563,1.061,35.1,2.048,1.032
"2019-01-07 05:00:00",447,77.67,2.61,1.081,73.51,2.563,1.062,35.1,2.048,1.032
"2019-01-07 06:00:00",448,77.67,2.61,1.081,73.52,2.563,1.062,35.1,2.048,1.032
"2019-01-07 07:00:00",449,77.67,2.61,1.081,73.51,2.563,1.062,35.16,2.049,1.032
"2019-01-07 08:00:00",450,77.66,2.61,1.081,73.51,2.563,1.062,35.22,2.05,1.032
"2019-01-07 09:00:00",451,77.67,2.61,1.081,73.52,2.563,1.062,35.16,2.049,1.032
"2019-01-07 10:00:00",452,77.67,2.61,1.081,73.51,2.563,1.062,35.1,2.048,1.032
"2019-01-07 11:00:00",453,77.67,2.61,1.081,73.51,2.563,1.062,35.1,2.048,1.032
"2019-01-07 12:00:00",454,77.67,2.61,1.081,73.51,2.563,1.062,35.1,2.048,1.032
"2019-01-07 13:00:00",455,77.66,2.61,1.08,73.51,2.563,1.062,35.1,2.048,1.033
"2019-01-07 14:00:00",456,77.67,2.61,1.081,73.51,2.563,1.062,35.1,2.048,1.033
"2019-01-07 15:00:00",457,77.67,2.61,1.081,73.51,2.563,1.062,35.1,2.048,1.032
"2019-01-07 16:00:00",458,77.76,2.611,1.081,73.51,2.563,1.062,35.1,2.048,1.032
"2019-01-07 17:00:00",459,77.76,2.611,1.081,73.51,2.563,1.061,35.1,2.048,1.032
"2019-01-07 18:00:00",460,77.76,2.611,1.08,73.51,2.563,1.062,35.1,2.048,1.032
"2019-01-07 19:00:00",461,77.76,2.611,1.08,73.51,2.563,1.062,35.1,2.048,1.032
"2019-01-07 20:00:00",462,77.76,2.611,1.08,73.51,2.563,1.062,35.1,2.048,1.032
"2019-01-07 21:00:00",463,77.76,2.611,1.081,73.51,2.563,1.062,35.1,2.048,1.032
"2019-01-07 22:00:00",464,77.77,2.611,1.081,73.51,2.563,1.061,35.1,2.048,1.032
"2019-01-07 23:00:00",465,77.86,2.612,1.08,73.52,2.563,1.062,35.1,2.048,1.032
"2019-01-08 00:00:00",466,77.86,2.612,1.081,73.51,2.563,1.061,35.1,2.048,1.032
"2019-01-08 01:00:00",467,77.86,2.612,1.081,73.51,2.564,1.061,35.1,2.048,1.032
"2019-01-08 02:00:00",468,77.86,2.612,1.081,73.61,2.565,1.062,35.22,2.05,1.032
"2019-01-08 03:00:00",469,77.86,2.612,1.081,73.61,2.565,1.062,35.22,2.05,1.032
"2019-01-08 04:00:00",470,77.86,2.612,1.081,73.61,2.565,1.062,35.22,2.05,1.032
"2019-01-08 05:00:00",471,77.86,2.612,1.081,73.61,2.565,1.062,35.22,2.05,1.032
"2019-01-08 06:00:00",472,77.86,2.612,1.081,73.61,2.565,1.061,35.22,2.05,1.032
"2019-01-08 07:00:00",473,77.86,2.612,1.081,73.61,2.565,1.061,35.22,2.05,1.032
"2019-01-08 08:00:00",474,77.86,2.612,1.081,73.61,2.565,1.062,35.16,2.049,1.032
"2019-01-08 09:00:00",475,77.86,2.612,1.08,73.61,2.565,1.062,35.16,2.049,1.032
"2019-01-08 10:00:00",476,77.76,2.611,1.08,73.61,2.565,1.061,35.16,2.049,1.032
"2019-01-08 11:00:00",477,77.76,2.611,1.08,73.61,2.565,1.062,35.16,2.049,1.032
"2019-01-08 12:00:00",478,77.76,2.611,1.08,73.61,2.565,1.062,35.1,2.048,1.032
"2019-01-08 13:00:00",479,77.86,2.612,1.081,73.51,2.563,1.062,35.1,2.048,1.032
"2019-01-08 14:00:00",480,77.76,2.611,1.08,73.51,2.563,1.061,35.1,2.048,1.032
"2019-01-08 15:00:00",481,77.76,2.611,1.08,73.51,2.563,1.062,35.1,2.048,1.032
"2019-01-08 16:00:00",482,77.76,2.611,1.08,73.51,2.563,1.061,35.1,2.048,1.032
"2019-01-08 17:00:00",483,77.76,2.611,1.08,73.52,2.563,1.062,35.1,2.048,1.032
"2019-01-08 18:00:00",484,77.76,2.611,1.08,73.51,2.564,1.062,35.1,2.048,1.032
"2019-01-08 19:00:00",485,77.76,2.611,1.08,73.61,2.565,1.062,35.16,2.049,1.032
"2019-01-08 20:00:00",486,77.85,2.612,1.08,73.61,2.565,1.062,35.22,2.05,1.032
"2019-01-08 21:00:00",487,77.76,2.611,1.08,73.61,2.565,1.062,35.16,2.049,1.032
"2019-01-08 22:00:00",488,77.76,2.611,1.08,73.61,2.565,1.062,35.16,2.049,1.032
"2019-01-08 23:00:00",489,77.76,2.611,1.081,73.61,2.565,1.061,35.16,2.049,1.032
"2019-01-09 00:00:00",490,77.76,2.611,1.081,73.61,2.565,1.061,35.16,2.049,1.032
"2019-01-09 01:00:00",491,77.77,2.611,1.081,73.61,2.565,1.062,35.16,2.049,1.032
"2019-01-09 02:00:00",492,77.75,2.611,1.08,73.6,2.565,1.061,35.16,2.049,1.032
"2019-01-09 03:00:00",493,77.77,2.611,1.081,73.6,2.565,1.061,35.16,2.049,1.032
"2019-01-09 04:00:00",494,77.76,2.611,1.081,73.6,2.565,1.061,35.16,2.049,1.032
"2019-01-09 05:00:00",495,77.76,2.611,1.08,73.51,2.564,1.062,35.16,2.049,1.032
"2019-01-09 06:00:00",496,77.76,2.611,1.08,73.61,2.565,1.062,35.16,2.049,1.032
"2019-01-09 07:00:00",497,77.76,2.611,1.081,73.51,2.563,1.061,35.16,2.049,1.032
"2019-01-09 08:00:00",498,77.76,2.611,1.08,73.51,2.563,1.061,35.1,2.048,1.032
"2019-01-09 09:00:00",499,77.77,2.611,1.081,73.51,2.563,1.062,35.1,2.048,1.032
"2019-01-09 10:00:00",500,77.76,2.611,1.08,73.51,2.563,1.062,35.1,2.048,1.032
"2019-01-09 11:00:00",501,77.86,2.612,1.081,73.51,2.563,1.061,35.1,2.048,1.032
"2019-01-09 12:00:00",502,77.86,2.612,1.081,73.51,2.563,1.061,35.1,2.048,1.032
"2019-01-09 13:00:00",503,77.86,2.612,1.08,73.51,2.563,1.062,35.1,2.048,1.032
"2019-01-09 14:00:00",504,77.86,2.612,1.08,73.51,2.563,1.061,35.1,2.048,1.032
"2019-01-09 15:00:00",505,77.76,2.611,1.08,73.51,2.563,1.061,35.1,2.048,1.032
"2019-01-09 16:00:00",506,77.76,2.611,1.08,73.51,2.563,1.061,35.16,2.049,1.032
"2019-01-09 17:00:00",507,77.76,2.611,1.081,73.51,2.563,1.061,35.16,2.049,1.032
"2019-01-09 18:00:00",508,77.76,2.611,1.081,73.51,2.563,1.061,35.16,2.049,1.032
"2019-01-09 19:00:00",509,77.76,2.611,1.08,73.51,2.563,1.061,35.16,2.049,1.032
"2019-01-09 20:00:00",510,77.76,2.611,1.08,73.51,2.563,1.061,35.16,2.049,1.032
"2019-01-09 21:00:00",511,77.76,2.611,1.08,73.51,2.563,1.061,35.16,2.049,1.032
"2019-01-09 22:00:00",512,77.76,2.611,1.08,73.51,2.563,1.061,35.22,2.05,1.032
"2019-01-09 23:00:00",513,77.76,2.611,1.081,73.51,2.563,1.061,35.22,2.05,1.032
"2019-01-10 00:00:00",514,77.66,2.61,1.08,73.51,2.563,1.061,35.22,2.05,1.032
"2019-01-10 01:00:00",515,77.66,2.61,1.081,73.5,2.563,1.061,35.22,2.05,1.032
"2019-01-10 02:00:00",516,77.56,2.609,1.08,73.51,2.563,1.061,35.28,2.052,1.032
"2019-01-10 03:00:00",517,77.56,2.609,1.08,73.51,2.563,1.061,35.28,2.052,1.032
"2019-01-10 04:00:00",518,77.57,2.609,1.081,73.51,2.563,1.061,35.28,2.052,1.032
"2019-01-10 05:00:00",519,77.47,2.608,1.081,73.51,2.563,1.061,35.28,2.051,1.032
"2019-01-10 06:00:00",520,77.47,2.608,1.081,73.51,2.563,1.061,35.22,2.05,1.032
"2019-01-10 07:00:00",521,77.46,2.608,1.08,73.51,2.563,1.061,35.22,2.05,1.032
"2019-01-10 08:00:00",522,77.56,2.609,1.08,73.51,2.563,1.061,35.22,2.05,1.032
"2019-01-10 09:00:00",523,77.56,2.609,1.08,73.51,2.563,1.061,35.22,2.05,1.032
"2019-01-10 10:00:00",524,77.56,2.609,1.08,73.51,2.563,1.061,35.22,2.05,1.032
"2019-01-10 11:00:00",525,77.56,2.609,1.08,73.51,2.563,1.061,35.22,2.05,1.032
"2019-01-10 12:00:00",526,77.56,2.609,1.08,73.51,2.563,1.061,35.22,2.05,1.032
"2019-01-10 13:00:00",527,77.57,2.609,1.081,73.51,2.563,1.061,35.22,2.05,1.032
"2019-01-10 14:00:00",528,77.76,2.611,1.081,73.51,2.563,1.061,35.16,2.049,1.032
"2019-01-10 15:00:00",529,77.76,2.611,1.08,73.51,2.563,1.061,35.16,2.049,1.032
"2019-01-10 16:00:00",530,77.86,2.612,1.08,73.5,2.563,1.061,35.16,2.049,1.032
"2019-01-10 17:00:00",531,77.85,2.612,1.079,73.51,2.563,1.061,35.16,2.049,1.032
"2019-01-10 18:00:00",532,77.86,2.612,1.08,73.51,2.563,1.061,35.16,2.049,1.032
"2019-01-10 19:00:00",533,77.86,2.612,1.08,73.51,2.563,1.061,35.16,2.049,1.032
"2019-01-10 20:00:00",534,77.85,2.612,1.079,73.5,2.563,1.06,35.16,2.049,1.032
"2019-01-10 21:00:00",535,77.86,2.612,1.08,73.5,2.563,1.061,35.16,2.049,1.032
"2019-01-10 22:00:00",536,77.86,2.612,1.08,73.5,2.563,1.061,35.16,2.049,1.032
"2019-01-10 23:00:00",537,77.86,2.612,1.08,73.51,2.564,1.061,35.16,2.049,1.032
"2019-01-11 00:00:00",538,77.86,2.612,1.08,73.6,2.565,1.061,35.1,2.048,1.032
"2019-01-11 01:00:00",539,77.85,2.612,1.08,73.6,2.565,1.061,35.1,2.048,1.032
"2019-01-11 02:00:00",540,77.86,2.612,1.08,73.6,2.565,1.061,35.1,2.048,1.032
"2019-01-11 03:00:00",541,77.96,2.613,1.08,73.6,2.565,1.061,35.1,2.048,1.032
"2019-01-11 04:00:00",542,77.95,2.613,1.08,73.6,2.565,1.061,35.1,2.048,1.032
"2019-01-11 05:00:00",543,77.96,2.613,1.08,73.6,2.565,1.061,35.1,2.048,1.032
"2019-01-11 06:00:00",544,77.96,2.613,1.08,73.6,2.565,1.061,35.1,2.048,1.032
"2019-01-11 07:00:00",545,77.96,2.613,1.08,73.6,2.565,1.061,35.1,2.048,1.032
"2019-01-11 08:00:00",546,77.96,2.613,1.081,73.6,2.565,1.06,35.1,2.048,1.032
"2019-01-11 09:00:00",547,77.95,2.613,1.079,73.6,2.565,1.06,35.1,2.048,1.032
"2019-01-11 10:00:00",548,77.96,2.613,1.08,73.6,2.565,1.061,35.1,2.048,1.032
"2019-01-11 11:00:00",549,77.95,2.613,1.079,73.6,2.565,1.06,35.16,2.049,1.032
"2019-01-11 12:00:00",550,77.95,2.613,1.08,73.6,2.565,1.061,35.16,2.049,1.032
"2019-01-11 13:00:00",551,77.96,2.613,1.08,73.6,2.565,1.061,35.16,2.049,1.032
"2019-01-11 14:00:00",552,77.96,2.613,1.08,73.6,2.565,1.061,35.16,2.049,1.032
"2019-01-11 15:00:00",553,77.95,2.613,1.079,73.6,2.565,1.061,35.16,2.049,1.032
"2019-01-11 16:00:00",554,77.95,2.613,1.079,73.6,2.565,1.06,35.16,2.049,1.032
"2019-01-11 17:00:00",555,77.95,2.613,1.08,73.6,2.565,1.061,35.16,2.049,1.032
"2019-01-11 18:00:00",556,77.95,2.613,1.079,73.6,2.565,1.06,35.16,2.049,1.032
"2019-01-11 19:00:00",557,78.05,2.614,1.08,73.6,2.565,1.061,35.22,2.05,1.032
"2019-01-11 20:00:00",558,78.05,2.614,1.079,73.6,2.565,1.06,35.22,2.05,1.032
"2019-01-11 21:00:00",559,78.05,2.614,1.08,73.6,2.565,1.06,35.22,2.05,1.032
"2019-01-11 22:00:00",560,77.95,2.613,1.08,73.6,2.565,1.06,35.22,2.05,1.032
"2019-01-11 23:00:00",561,77.95,2.613,1.08,73.6,2.565,1.06,35.22,2.05,1.032
"2019-01-12 00:00:00",562,77.95,2.613,1.08,73.6,2.565,1.061,35.16,2.049,1.032
"2019-01-12 01:00:00",563,77.96,2.613,1.08,73.6,2.565,1.061,35.16,2.049,1.032
"2019-01-12 02:00:00",564,77.95,2.613,1.08,73.6,2.565,1.06,35.16,2.049,1.032
"2019-01-12 03:00:00",565,77.96,2.613,1.08,73.6,2.565,1.06,35.16,2.049,1.032
"2019-01-12 04:00:00",566,77.95,2.613,1.08,73.6,2.565,1.06,35.1,2.048,1.032
"2019-01-12 05:00:00",567,77.95,2.613,1.08,73.6,2.565,1.06,35.1,2.048,1.032
"2019-01-12 06:00:00",568,77.95,2.613,1.08,73.6,2.565,1.06,35.1,2.048,1.032
"2019-01-12 07:00:00",569,77.95,2.613,1.08,73.6,2.565,1.06,35.1,2.048,1.032
"2019-01-12 08:00:00",570,77.96,2.613,1.08,73.6,2.565,1.06,35.1,2.048,1.032
"2019-01-12 09:00:00",571,77.95,2.613,1.08,73.6,2.565,1.06,35.1,2.048,1.032
"2019-01-12 10:00:00",572,77.95,2.613,1.08,73.6,2.565,1.06,35.1,2.048,1.032
"2019-01-12 11:00:00",573,77.96,2.613,1.08,73.6,2.565,1.06,35.1,2.048,1.032
"2019-01-12 12:00:00",574,77.95,2.613,1.08,73.6,2.565,1.06,35.1,2.048,1.032
"2019-01-12 13:00:00",575,77.96,2.613,1.08,73.6,2.565,1.06,35.1,2.048,1.032
"2019-01-12 14:00:00",576,77.95,2.613,1.08,73.6,2.565,1.06,35.1,2.048,1.032
"2019-01-12 15:00:00",577,77.96,2.613,1.081,73.6,2.565,1.06,35.1,2.048,1.032
"2019-01-12 16:00:00",578,77.96,2.613,1.08,73.6,2.565,1.06,35.1,2.048,1.032
"2019-01-12 17:00:00",579,77.96,2.613,1.08,73.6,2.565,1.06,35.16,2.049,1.032
"2019-01-12 18:00:00",580,77.96,2.613,1.08,73.69,2.566,1.06,35.22,2.05,1.031
"2019-01-12 19:00:00",581,77.96,2.613,1.08,73.69,2.566,1.06,35.28,2.052,1.032
"2019-01-12 20:00:00",582,77.96,2.613,1.08,73.7,2.566,1.061,35.28,2.052,1.032
"2019-01-12 21:00:00",583,77.96,2.613,1.081,73.69,2.566,1.06,35.28,2.052,1.032
"2019-01-12 22:00:00",584,77.96,2.613,1.081,73.69,2.566,1.06,35.28,2.051,1.032
"2019-01-12 23:00:00",585,77.96,2.613,1.08,73.7,2.566,1.061,35.22,2.05,1.032
"2019-01-13 00:00:00",586,77.96,2.613,1.08,73.69,2.566,1.06,35.22,2.05,1.032
"2019-01-13 01:00:00",587,77.96,2.613,1.08,73.7,2.566,1.061,35.22,2.05,1.032
"2019-01-13 02:00:00",588,77.96,2.613,1.08,73.69,2.566,1.06,35.22,2.05,1.032
"2019-01-13 03:00:00",589,77.96,2.613,1.08,73.69,2.566,1.06,35.22,2.05,1.032
"2019-01-13 04:00:00",590,77.96,2.613,1.08,73.69,2.566,1.06,35.28,2.052,1.032
"2019-01-13 05:00:00",591,77.97,2.613,1.081,73.7,2.566,1.06,35.28,2.052,1.032
"2019-01-13 06:00:00",592,77.96,2.613,1.08,73.7,2.566,1.061,35.28,2.052,1.032
"2019-01-13 07:00:00",593,77.96,2.613,1.081,73.7,2.566,1.061,35.28,2.052,1.032
"2019-01-13 08:00:00",594,77.96,2.613,1.08,73.69,2.566,1.06,35.28,2.052,1.032
"2019-01-13 09:00:00",595,77.96,2.613,1.08,73.69,2.566,1.06,35.28,2.052,1.032
"2019-01-13 10:00:00",596,77.86,2.612,1.08,73.69,2.566,1.06,35.28,2.052,1.032
"2019-01-13 11:00:00",597,77.86,2.612,1.081,73.7,2.566,1.06,35.28,2.052,1.032
"2019-01-13 12:00:00",598,77.86,2.612,1.081,73.69,2.566,1.06,35.28,2.052,1.032
"2019-01-13 13:00:00",599,77.87,2.612,1.081,73.7,2.566,1.061,35.28,2.052,1.032
"2019-01-13 14:00:00",600,77.86,2.612,1.081,73.7,2.566,1.061,35.28,2.052,1.032
"2019-01-13 15:00:00",601,77.86,2.612,1.081,73.7,2.566,1.06,35.34,2.053,1.032
"2019-01-13 16:00:00",602,77.86,2.612,1.08,73.79,2.567,1.06,35.35,2.053,1.032
"2019-01-13 17:00:00",603,77.86,2.612,1.08,73.79,2.567,1.06,35.35,2.053,1.032
"2019-01-13 18:00:00",604,77.86,2.612,1.081,73.79,2.567,1.06,35.35,2.053,1.032
"2019-01-13 19:00:00",605,77.77,2.611,1.081,73.79,2.567,1.061,35.34,2.053,1.032
"2019-01-13 20:00:00",606,77.87,2.612,1.081,73.79,2.567,1.061,35.34,2.053,1.032
"2019-01-13 21:00:00",607,77.87,2.612,1.081,73.7,2.566,1.061,35.28,2.052,1.032
"2019-01-13 22:00:00",608,77.87,2.612,1.081,73.7,2.566,1.061,35.34,2.053,1.032
"2019-01-13 23:00:00",609,77.86,2.612,1.081,73.7,2.566,1.06,35.28,2.052,1.032
"2019-01-14 00:00:00",610,77.87,2.612,1.082,73.69,2.566,1.06,35.28,2.052,1.032
"2019-01-14 01:00:00",611,77.87,2.612,1.081,73.7,2.566,1.061,35.28,2.052,1.032
"2019-01-14 02:00:00",612,77.87,2.612,1.081,73.7,2.566,1.061,35.28,2.052,1.032
"2019-01-14 03:00:00",613,77.87,2.612,1.082,73.7,2.566,1.061,35.28,2.052,1.032
"2019-01-14 04:00:00",614,77.87,2.612,1.082,73.69,2.566,1.06,35.28,2.052,1.032
"2019-01-14 05:00:00",615,77.87,2.612,1.082,73.7,2.566,1.061,35.28,2.051,1.031
"2019-01-14 06:00:00",616,77.87,2.612,1.082,73.69,2.566,1.06,35.22,2.05,1.032
"2019-01-14 07:00:00",617,77.88,2.612,1.082,73.6,2.565,1.06,35.22,2.05,1.032
"2019-01-14 08:00:00",618,77.88,2.612,1.082,73.6,2.565,1.06,35.22,2.05,1.032
"2019-01-14 09:00:00",619,77.88,2.612,1.082,73.6,2.565,1.06,35.22,2.05,1.032
"2019-01-14 10:00:00",620,77.88,2.612,1.083,73.6,2.565,1.06,35.22,2.05,1.032
"2019-01-14 11:00:00",621,77.88,2.612,1.083,73.6,2.565,1.06,35.16,2.049,1.032
"2019-01-14 12:00:00",622,77.78,2.611,1.083,73.6,2.565,1.06,35.16,2.049,1.032
"2019-01-14 13:00:00",623,77.78,2.611,1.083,73.6,2.565,1.06,35.16,2.049,1.032
"2019-01-14 14:00:00",624,77.78,2.611,1.083,73.6,2.565,1.06,35.22,2.05,1.032
"2019-01-14 15:00:00",625,77.78,2.611,1.083,73.6,2.565,1.06,35.22,2.05,1.032
"2019-01-14 16:00:00",626,77.79,2.611,1.084,73.6,2.565,1.061,35.22,2.05,1.032
"2019-01-14 17:00:00",627,77.78,2.611,1.083,73.6,2.565,1.061,35.16,2.049,1.032
"2019-01-14 18:00:00",628,77.79,2.611,1.084,73.6,2.565,1.06,35.16,2.049,1.032
"2019-01-14 19:00:00",629,77.79,2.611,1.083,73.6,2.565,1.06,35.16,2.049,1.032
"2019-01-14 20:00:00",630,77.79,2.611,1.084,73.6,2.565,1.06,35.1,2.048,1.032
"2019-01-14 21:00:00",631,77.79,2.611,1.083,73.6,2.565,1.06,35.1,2.048,1.032
"2019-01-14 22:00:00",632,77.79,2.611,1.084,73.6,2.565,1.061,35.1,2.048,1.032
"2019-01-14 23:00:00",633,77.79,2.611,1.083,73.6,2.565,1.061,35.1,2.048,1.032
"2019-01-15 00:00:00",634,77.79,2.611,1.084,73.6,2.565,1.061,35.1,2.048,1.032
"2019-01-15 01:00:00",635,77.79,2.611,1.084,73.6,2.565,1.061,35.1,2.048,1.032
"2019-01-15 02:00:00",636,77.79,2.611,1.084,73.6,2.565,1.06,35.1,2.048,1.032
"2019-01-15 03:00:00",637,77.79,2.611,1.083,73.6,2.565,1.06,35.1,2.048,1.032
"2019-01-15 04:00:00",638,77.79,2.611,1.084,73.6,2.565,1.06,35.1,2.048,1.032
"2019-01-15 05:00:00",639,77.79,2.611,1.084,73.6,2.565,1.06,35.1,2.048,1.032
"2019-01-15 06:00:00",640,77.79,2.611,1.084,73.6,2.565,1.06,35.16,2.049,1.032
"2019-01-15 07:00:00",641,77.79,2.611,1.084,73.6,2.565,1.06,35.16,2.049,1.032
"2019-01-15 08:00:00",642,77.79,2.611,1.084,73.6,2.565,1.061,35.1,2.048,1.032
"2019-01-15 09:00:00",643,77.79,2.611,1.084,73.6,2.565,1.06,35.1,2.048,1.032
"2019-01-15 10:00:00",644,77.79,2.611,1.083,73.6,2.565,1.06,35.1,2.048,1.032
"2019-01-15 11:00:00",645,77.78,2.611,1.083,73.6,2.565,1.06,35.1,2.048,1.032
"2019-01-15 12:00:00",646,77.79,2.611,1.084,73.6,2.565,1.061,35.1,2.048,1.032
"2019-01-15 13:00:00",647,77.79,2.611,1.084,73.6,2.565,1.06,35.1,2.048,1.032
"2019-01-15 14:00:00",648,77.79,2.611,1.083,73.6,2.565,1.06,35.16,2.049,1.032
"2019-01-15 15:00:00",649,77.79,2.611,1.084,73.6,2.565,1.061,35.16,2.049,1.032
"2019-01-15 16:00:00",650,77.79,2.611,1.084,73.6,2.565,1.06,35.16,2.049,1.032
"2019-01-15 17:00:00",651,77.79,2.611,1.084,73.6,2.565,1.06,35.16,2.049,1.032
"2019-01-15 18:00:00",652,77.79,2.611,1.084,73.6,2.565,1.06,35.16,2.049,1.032
"2019-01-15 19:00:00",653,77.8,2.611,1.084,73.6,2.565,1.061,35.16,2.049,1.032
"2019-01-15 20:00:00",654,77.79,2.611,1.084,73.6,2.565,1.06,35.16,2.049,1.032
"2019-01-15 21:00:00",655,77.79,2.611,1.084,73.6,2.565,1.06,35.16,2.049,1.032
"2019-01-15 22:00:00",656,77.79,2.611,1.084,73.6,2.565,1.06,35.16,2.049,1.032
"2019-01-15 23:00:00",657,77.79,2.611,1.084,73.6,2.565,1.06,35.16,2.049,1.032
"2019-01-16 00:00:00",658,77.69,2.61,1.084,73.6,2.565,1.06,35.16,2.049,1.032
"2019-01-16 01:00:00",659,77.7,2.61,1.084,73.6,2.565,1.06,35.16,2.049,1.032
"2019-01-16 02:00:00",660,77.79,2.611,1.084,73.6,2.565,1.06,35.1,2.048,1.032
"2019-01-16 03:00:00",661,77.79,2.611,1.084,73.6,2.565,1.06,35.1,2.048,1.032
"2019-01-16 04:00:00",662,77.79,2.611,1.084,73.6,2.565,1.06,35.1,2.048,1.032
"2019-01-16 05:00:00",663,77.79,2.611,1.084,73.6,2.565,1.06,35.1,2.048,1.032
"2019-01-16 06:00:00",664,77.79,2.611,1.084,73.6,2.565,1.06,35.1,2.048,1.032
"2019-01-16 07:00:00",665,77.8,2.611,1.084,73.6,2.565,1.06,35.1,2.048,1.032
"2019-01-16 08:00:00",666,77.79,2.611,1.084,73.6,2.565,1.06,35.1,2.048,1.032
"2019-01-16 09:00:00",667,77.79,2.611,1.084,73.6,2.565,1.06,35.1,2.048,1.032
"2019-01-16 10:00:00",668,77.79,2.611,1.084,73.6,2.565,1.061,35.1,2.048,1.032
"2019-01-16 11:00:00",669,77.69,2.61,1.084,73.6,2.565,1.06,35.16,2.049,1.032
"2019-01-16 12:00:00",670,77.79,2.611,1.084,73.6,2.565,1.061,35.16,2.049,1.032
"2019-01-16 13:00:00",671,77.79,2.611,1.084,73.6,2.565,1.06,35.16,2.049,1.032
"2019-01-16 14:00:00",672,77.69,2.61,1.084,73.6,2.565,1.06,35.16,2.049,1.032
"2019-01-16 15:00:00",673,77.69,2.61,1.084,73.6,2.565,1.06,35.16,2.049,1.032
"2019-01-16 16:00:00",674,77.69,2.61,1.084,73.6,2.565,1.06,35.16,2.049,1.032
"2019-01-16 17:00:00",675,77.7,2.61,1.085,73.6,2.565,1.06,35.16,2.049,1.032
"2019-01-16 18:00:00",676,77.69,2.61,1.083,73.6,2.565,1.06,35.16,2.049,1.032
"2019-01-16 19:00:00",677,77.69,2.61,1.083,73.59,2.565,1.06,35.16,2.049,1.032
"2019-01-16 20:00:00",678,77.69,2.61,1.084,73.6,2.565,1.06,35.16,2.049,1.032
"2019-01-16 21:00:00",679,77.69,2.61,1.084,73.6,2.565,1.06,35.16,2.049,1.032
"2019-01-16 22:00:00",680,77.69,2.61,1.083,73.6,2.565,1.06,35.16,2.049,1.032
"2019-01-16 23:00:00",681,77.69,2.61,1.084,73.6,2.565,1.06,35.16,2.049,1.032
"2019-01-17 00:00:00",682,77.69,2.61,1.083,73.6,2.565,1.06,35.16,2.049,1.032
"2019-01-17 01:00:00",683,77.69,2.61,1.083,73.6,2.565,1.06,35.16,2.049,1.032
"2019-01-17 02:00:00",684,77.8,2.611,1.084,73.6,2.565,1.06,35.1,2.048,1.032
"2019-01-17 03:00:00",685,77.89,2.612,1.084,73.59,2.565,1.06,35.1,2.048,1.032
"2019-01-17 04:00:00",686,77.89,2.612,1.083,73.6,2.565,1.06,35.1,2.048,1.032
"2019-01-17 05:00:00",687,77.88,2.612,1.083,73.6,2.565,1.06,35.1,2.048,1.033
"2019-01-17 06:00:00",688,77.89,2.612,1.084,73.6,2.565,1.06,35.1,2.048,1.032
"2019-01-17 07:00:00",689,77.88,2.612,1.083,73.6,2.565,1.06,35.1,2.048,1.032
"2019-01-17 08:00:00",690,77.88,2.612,1.083,73.6,2.565,1.06,35.1,2.048,1.032
"2019-01-17 09:00:00",691,77.78,2.611,1.083,73.59,2.565,1.06,35.1,2.048,1.032
"2019-01-17 10:00:00",692,77.78,2.611,1.083,73.59,2.565,1.06,35.1,2.048,1.032
"2019-01-17 11:00:00",693,77.89,2.612,1.083,73.6,2.565,1.06,35.1,2.048,1.032
"2019-01-17 12:00:00",694,77.88,2.612,1.083,73.69,2.566,1.06,35.28,2.052,1.032
"2019-01-17 13:00:00",695,77.89,2.612,1.083,73.69,2.566,1.06,35.28,2.052,1.032
"2019-01-17 14:00:00",696,77.89,2.612,1.083,73.69,2.566,1.06,35.28,2.052,1.032
"2019-01-17 15:00:00",697,77.88,2.612,1.083,73.69,2.566,1.06,35.28,2.052,1.032
"2019-01-17 16:00:00",698,77.88,2.612,1.082,73.69,2.566,1.06,35.28,2.052,1.032
"2019-01-17 17:00:00",699,77.88,2.612,1.082,73.69,2.566,1.06,35.28,2.052,1.032
"2019-01-17 18:00:00",700,77.88,2.612,1.082,73.69,2.566,1.06,35.28,2.052,1.032
"2019-01-17 19:00:00",701,77.88,2.612,1.082,73.69,2.566,1.06,35.28,2.052,1.032
"2019-01-17 20:00:00",702,77.88,2.612,1.083,73.69,2.566,1.06,35.28,2.052,1.032
"2019-01-17 21:00:00",703,77.88,2.612,1.083,73.69,2.566,1.06,35.34,2.053,1.032
"2019-01-17 22:00:00",704,77.88,2.612,1.083,73.69,2.566,1.06,35.28,2.052,1.032
"2019-01-17 23:00:00",705,77.88,2.612,1.083,73.69,2.566,1.06,35.28,2.052,1.032
"2019-01-18 00:00:00",706,77.88,2.612,1.083,73.69,2.566,1.06,35.34,2.053,1.032
"2019-01-18 01:00:00",707,77.88,2.612,1.083,73.69,2.566,1.06,35.28,2.052,1.032
"2019-01-18 02:00:00",708,77.88,2.612,1.082,73.69,2.566,1.06,35.28,2.052,1.032
"2019-01-18 03:00:00",709,77.88,2.612,1.082,73.69,2.566,1.06,35.28,2.051,1.032
"2019-01-18 04:00:00",710,77.88,2.612,1.082,73.69,2.566,1.06,35.22,2.05,1.032
"2019-01-18 05:00:00",711,77.88,2.612,1.083,73.69,2.566,1.06,35.22,2.05,1.032
"2019-01-18 06:00:00",712,77.88,2.612,1.083,73.69,2.566,1.06,35.22,2.05,1.032
"2019-01-18 07:00:00",713,77.88,2.612,1.082,73.6,2.565,1.06,35.16,2.049,1.032
"2019-01-18 08:00:00",714,77.88,2.612,1.082,73.6,2.565,1.06,35.16,2.049,1.032
"2019-01-18 09:00:00",715,77.87,2.612,1.082,73.6,2.565,1.06,35.16,2.049,1.032
"2019-01-18 10:00:00",716,77.88,2.612,1.083,73.6,2.565,1.06,35.16,2.049,1.032
"2019-01-18 11:00:00",717,77.88,2.612,1.082,73.59,2.565,1.06,35.16,2.049,1.032
"2019-01-18 12:00:00",718,77.87,2.612,1.082,73.59,2.565,1.059,35.16,2.049,1.032
"2019-01-18 13:00:00",719,77.88,2.612,1.083,73.59,2.565,1.06,35.16,2.049,1.032
"2019-01-18 14:00:00",720,77.87,2.612,1.082,73.6,2.565,1.06,35.16,2.049,1.032
"2019-01-18 15:00:00",721,77.87,2.612,1.082,73.6,2.565,1.06,35.16,2.049,1.032
"2019-01-18 16:00:00",722,77.88,2.612,1.082,73.6,2.565,1.06,35.16,2.049,1.032
"2019-01-18 17:00:00",723,77.87,2.612,1.082,73.6,2.565,1.06,35.16,2.049,1.032
"2019-01-18 18:00:00",724,77.88,2.612,1.083,73.6,2.565,1.06,35.16,2.049,1.032
"2019-01-18 19:00:00",725,77.88,2.612,1.083,73.59,2.565,1.06,35.16,2.049,1.033
"2019-01-18 20:00:00",726,77.89,2.612,1.083,73.59,2.565,1.06,35.1,2.048,1.032
"2019-01-18 21:00:00",727,77.88,2.612,1.082,73.6,2.565,1.06,35.1,2.048,1.032
"2019-01-18 22:00:00",728,77.88,2.612,1.082,73.59,2.565,1.06,35.1,2.048,1.032
"2019-01-18 23:00:00",729,77.98,2.613,1.082,73.6,2.565,1.06,35.1,2.048,1.032
"2019-01-19 00:00:00",730,77.97,2.613,1.082,73.59,2.565,1.06,35.1,2.048,1.032
"2019-01-19 01:00:00",731,77.88,2.612,1.082,73.59,2.565,1.06,35.1,2.048,1.032
"2019-01-19 02:00:00",732,77.88,2.612,1.082,73.59,2.565,1.06,35.16,2.049,1.032
"2019-01-19 03:00:00",733,77.87,2.612,1.082,73.59,2.565,1.06,35.22,2.05,1.032
"2019-01-19 04:00:00",734,77.88,2.612,1.083,73.59,2.565,1.059,35.22,2.05,1.032
"2019-01-19 05:00:00",735,77.78,2.611,1.082,73.59,2.565,1.06,35.22,2.05,1.032
"2019-01-19 06:00:00",736,77.77,2.611,1.082,73.59,2.565,1.06,35.28,2.052,1.032
"2019-01-19 07:00:00",737,77.68,2.61,1.082,73.59,2.565,1.06,35.28,2.052,1.032
"2019-01-19 08:00:00",738,77.68,2.61,1.083,73.59,2.565,1.06,35.28,2.052,1.032
"2019-01-19 09:00:00",739,77.58,2.609,1.082,73.6,2.565,1.06,35.28,2.052,1.032
"2019-01-19 10:00:00",740,77.57,2.609,1.082,73.59,2.565,1.06,35.28,2.052,1.032
"2019-01-19 11:00:00",741,77.57,2.609,1.081,73.59,2.565,1.06,35.28,2.052,1.032
"2019-01-19 12:00:00",742,77.57,2.609,1.081,73.59,2.565,1.059,35.28,2.051,1.032
"2019-01-19 13:00:00",743,77.57,2.609,1.081,73.59,2.565,1.06,35.22,2.05,1.032
"2019-01-19 14:00:00",744,77.67,2.61,1.081,73.59,2.565,1.06,35.1,2.048,1.032
"2019-01-19 15:00:00",745,77.78,2.611,1.082,73.59,2.565,1.06,35.1,2.048,1.031
"2019-01-19 16:00:00",746,77.98,2.613,1.082,73.59,2.565,1.06,35.16,2.049,1.032
"2019-01-19 17:00:00",747,77.97,2.613,1.082,73.59,2.565,1.06,35.16,2.049,1.032
"2019-01-19 18:00:00",748,78.07,2.614,1.082,73.59,2.565,1.06,35.16,2.049,1.032
"2019-01-19 19:00:00",749,77.97,2.613,1.082,73.59,2.565,1.06,35.22,2.05,1.032
"2019-01-19 20:00:00",750,77.87,2.612,1.082,73.59,2.565,1.059,35.28,2.052,1.032
"2019-01-19 21:00:00",751,77.87,2.612,1.082,73.59,2.565,1.059,35.28,2.052,1.032
"2019-01-19 22:00:00",752,77.76,2.611,1.08,73.59,2.565,1.059,35.28,2.052,1.032
"2019-01-19 23:00:00",753,77.76,2.611,1.081,73.59,2.565,1.059,35.28,2.052,1.032
"2019-01-20 00:00:00",754,77.67,2.61,1.081,73.59,2.565,1.059,35.28,2.052,1.032
"2019-01-20 01:00:00",755,77.66,2.61,1.081,73.59,2.565,1.059,35.28,2.052,1.032
"2019-01-20 02:00:00",756,77.67,2.61,1.081,73.59,2.565,1.059,35.28,2.052,1.032
"2019-01-20 03:00:00",757,77.67,2.61,1.081,73.59,2.565,1.059,35.28,2.052,1.032
"2019-01-20 04:00:00",758,77.77,2.611,1.081,73.59,2.565,1.059,35.28,2.052,1.032
"2019-01-20 05:00:00",759,77.77,2.611,1.081,73.59,2.565,1.059,35.28,2.052,1.032
"2019-01-20 06:00:00",760,77.77,2.611,1.081,73.59,2.565,1.059,35.28,2.052,1.032
"2019-01-20 07:00:00",761,77.77,2.611,1.081,73.59,2.565,1.06,35.28,2.052,1.032
"2019-01-20 08:00:00",762,77.76,2.611,1.08,73.59,2.565,1.06,35.28,2.052,1.032
"2019-01-20 09:00:00",763,77.76,2.611,1.08,73.59,2.565,1.059,35.28,2.052,1.032
"2019-01-20 10:00:00",764,77.86,2.612,1.08,73.59,2.565,1.059,35.28,2.052,1.032
"2019-01-20 11:00:00",765,77.86,2.612,1.08,73.59,2.565,1.059,35.28,2.051,1.032
"2019-01-20 12:00:00",766,77.86,2.612,1.08,73.59,2.565,1.059,35.22,2.05,1.032
"2019-01-20 13:00:00",767,77.86,2.612,1.08,73.59,2.565,1.059,35.22,2.05,1.032
"2019-01-20 14:00:00",768,77.86,2.612,1.08,73.59,2.565,1.059,35.16,2.049,1.032
"2019-01-20 15:00:00",769,77.85,2.612,1.08,73.59,2.565,1.059,35.16,2.049,1.032
"2019-01-20 16:00:00",770,77.86,2.612,1.08,73.59,2.565,1.059,35.16,2.049,1.032
"2019-01-20 17:00:00",771,77.85,2.612,1.08,73.59,2.565,1.059,35.16,2.049,1.032
"2019-01-20 18:00:00",772,77.85,2.612,1.079,73.59,2.565,1.059,35.22,2.05,1.032
"2019-01-20 19:00:00",773,77.85,2.612,1.079,73.59,2.565,1.059,35.22,2.05,1.032
"2019-01-20 20:00:00",774,77.95,2.613,1.079,73.59,2.565,1.059,35.22,2.05,1.032
"2019-01-20 21:00:00",775,77.95,2.613,1.079,73.59,2.565,1.059,35.22,2.05,1.032
"2019-01-20 22:00:00",776,78.05,2.614,1.079,73.59,2.565,1.059,35.22,2.05,1.032
"2019-01-20 23:00:00",777,78.05,2.614,1.079,73.59,2.565,1.059,35.22,2.05,1.032
"2019-01-21 00:00:00",778,78.05,2.614,1.08,73.59,2.565,1.059,35.22,2.05,1.032
"2019-01-21 01:00:00",779,78.05,2.614,1.079,73.59,2.565,1.059,35.22,2.05,1.032
"2019-01-21 02:00:00",780,78.15,2.616,1.079,73.59,2.565,1.059,35.22,2.05,1.032
"2019-01-21 03:00:00",781,78.15,2.616,1.079,73.59,2.565,1.059,35.22,2.05,1.032
"2019-01-21 04:00:00",782,78.14,2.616,1.079,73.68,2.566,1.059,35.22,2.05,1.032
"2019-01-21 05:00:00",783,78.15,2.616,1.079,73.68,2.566,1.059,35.22,2.05,1.032
"2019-01-21 06:00:00",784,78.15,2.616,1.079,73.68,2.566,1.059,35.22,2.05,1.032
"2019-01-21 07:00:00",785,78.24,2.617,1.078,73.68,2.566,1.058,35.22,2.05,1.032
"2019-01-21 08:00:00",786,78.24,2.617,1.078,73.68,2.566,1.059,35.22,2.05,1.032
"2019-01-21 09:00:00",787,78.24,2.617,1.078,73.68,2.566,1.059,35.22,2.05,1.032
"2019-01-21 10:00:00",788,78.25,2.617,1.079,73.68,2.566,1.058,35.22,2.05,1.032
"2019-01-21 11:00:00",789,78.34,2.618,1.078,73.68,2.566,1.058,35.22,2.05,1.032
"2019-01-21 12:00:00",790,78.34,2.618,1.078,73.68,2.566,1.059,35.22,2.05,1.032
"2019-01-21 13:00:00",791,78.33,2.618,1.078,73.68,2.566,1.058,35.22,2.05,1.032
"2019-01-21 14:00:00",792,78.24,2.617,1.078,73.68,2.566,1.058,35.22,2.05,1.032
"2019-01-21 15:00:00",793,78.13,2.616,1.077,73.68,2.566,1.059,35.16,2.049,1.031
"2019-01-21 16:00:00",794,78.13,2.616,1.077,73.68,2.566,1.058,35.16,2.049,1.032
"2019-01-21 17:00:00",795,78.14,2.616,1.078,73.68,2.566,1.058,35.16,2.049,1.031
"2019-01-21 18:00:00",796,78.23,2.617,1.077,73.68,2.566,1.059,35.22,2.05,1.032
"2019-01-21 19:00:00",797,78.33,2.618,1.077,73.68,2.566,1.058,35.22,2.05,1.032
"2019-01-21 20:00:00",798,78.43,2.619,1.077,73.68,2.566,1.058,35.22,2.05,1.032
"2019-01-21 21:00:00",799,78.43,2.619,1.077,73.68,2.566,1.059,35.22,2.05,1.032
"2019-01-21 22:00:00",800,78.53,2.62,1.077,73.68,2.566,1.058,35.22,2.05,1.032
"2019-01-21 23:00:00",801,78.52,2.62,1.076,73.78,2.567,1.058,35.22,2.05,1.032
"2019-01-22 00:00:00",802,78.52,2.62,1.077,73.77,2.567,1.058,35.22,2.05,1.032
"2019-01-22 01:00:00",803,78.53,2.62,1.077,73.77,2.567,1.058,35.22,2.05,1.032
"2019-01-22 02:00:00",804,78.63,2.621,1.077,73.78,2.567,1.058,35.22,2.05,1.032
"2019-01-22 03:00:00",805,78.62,2.621,1.076,73.77,2.567,1.058,35.22,2.05,1.032
"2019-01-22 04:00:00",806,78.62,2.621,1.077,73.77,2.567,1.058,35.22,2.05,1.032
"2019-01-22 05:00:00",807,78.63,2.621,1.077,73.77,2.567,1.058,35.22,2.05,1.032
"2019-01-22 06:00:00",808,78.62,2.621,1.076,73.77,2.567,1.058,35.22,2.05,1.032
"2019-01-22 07:00:00",809,78.62,2.621,1.076,73.78,2.567,1.059,35.22,2.05,1.032
"2019-01-22 08:00:00",810,78.62,2.621,1.076,73.78,2.567,1.059,35.22,2.05,1.032
"2019-01-22 09:00:00",811,78.72,2.622,1.076,73.78,2.567,1.058,35.22,2.05,1.032
"2019-01-22 10:00:00",812,78.72,2.622,1.076,73.78,2.567,1.058,35.22,2.05,1.032
"2019-01-22 11:00:00",813,78.72,2.622,1.076,73.77,2.567,1.058,35.22,2.05,1.032
"2019-01-22 12:00:00",814,78.71,2.622,1.076,73.78,2.567,1.058,35.22,2.05,1.032
"2019-01-22 13:00:00",815,78.61,2.621,1.076,73.78,2.567,1.058,35.22,2.05,1.031
"2019-01-22 14:00:00",816,78.61,2.621,1.076,73.77,2.567,1.058,35.22,2.05,1.032
"2019-01-22 15:00:00",817,78.51,2.62,1.075,73.78,2.567,1.058,35.22,2.05,1.032
"2019-01-22 16:00:00",818,78.41,2.619,1.075,73.77,2.567,1.058,35.22,2.05,1.032
"2019-01-22 17:00:00",819,78.42,2.619,1.076,73.77,2.567,1.058,35.22,2.05,1.031
"2019-01-22 18:00:00",820,39.21,1.309,0.538,36.93,1.284,0.529,17.64,1.026,0.516
"2019-01-22 19:00:00",821,78.41,2.619,1.075,73.87,2.568,1.058,35.28,2.052,1.032
"2019-01-22 20:00:00",822,78.41,2.619,1.075,73.87,2.568,1.058,35.28,2.052,1.032
"2019-01-22 21:00:00",823,78.42,2.619,1.076,73.87,2.568,1.058,35.28,2.052,1.032
"2019-01-22 22:00:00",824,78.51,2.62,1.075,73.87,2.568,1.058,35.28,2.052,1.032
"2019-01-22 23:00:00",825,78.51,2.62,1.075,73.87,2.568,1.058,35.28,2.052,1.032
"2019-01-23 00:00:00",826,78.51,2.62,1.075,73.87,2.568,1.058,35.28,2.052,1.032
"2019-01-23 01:00:00",827,78.51,2.62,1.075,73.87,2.568,1.058,35.28,2.051,1.032
"2019-01-23 02:00:00",828,78.51,2.62,1.075,73.87,2.568,1.058,35.22,2.05,1.032
"2019-01-23 03:00:00",829,78.51,2.62,1.075,73.87,2.568,1.058,35.22,2.05,1.032
"2019-01-23 04:00:00",830,78.51,2.62,1.075,73.87,2.568,1.058,35.22,2.05,1.032
"2019-01-23 05:00:00",831,78.41,2.619,1.075,73.87,2.568,1.058,35.22,2.05,1.032
"2019-01-23 06:00:00",832,78.4,2.619,1.074,73.87,2.568,1.058,35.22,2.05,1.031
"2019-01-23 07:00:00",833,78.41,2.619,1.075,73.87,2.568,1.058,35.22,2.05,1.032
"2019-01-23 08:00:00",834,78.4,2.619,1.074,73.87,2.568,1.058,35.22,2.05,1.032
"2019-01-23 09:00:00",835,78.41,2.619,1.075,73.87,2.568,1.058,35.22,2.05,1.032
"2019-01-23 10:00:00",836,78.41,2.619,1.075,73.87,2.568,1.058,35.22,2.05,1.032
"2019-01-23 11:00:00",837,78.5,2.62,1.074,73.87,2.568,1.058,35.22,2.05,1.032
"2019-01-23 12:00:00",838,78.5,2.62,1.074,73.87,2.568,1.058,35.22,2.05,1.031
"2019-01-23 13:00:00",839,78.51,2.62,1.075,73.87,2.568,1.058,35.22,2.05,1.031
"2019-01-23 14:00:00",840,78.5,2.62,1.074,73.87,2.568,1.058,35.22,2.05,1.032
"2019-01-23 15:00:00",841,78.4,2.619,1.074,73.87,2.568,1.058,35.1,2.048,1.032
"2019-01-23 16:00:00",842,78.4,2.619,1.074,73.87,2.568,1.058,35.09,2.048,1.031
"2019-01-23 17:00:00",843,78.4,2.619,1.074,73.87,2.568,1.058,35.1,2.048,1.032
"2019-01-23 18:00:00",844,78.4,2.619,1.074,73.87,2.568,1.058,35.1,2.048,1.032
"2019-01-23 19:00:00",845,78.4,2.619,1.074,73.97,2.569,1.058,35.1,2.048,1.032
"2019-01-23 20:00:00",846,78.4,2.619,1.074,73.87,2.568,1.058,35.1,2.048,1.032
"2019-01-23 21:00:00",847,78.4,2.619,1.074,73.87,2.568,1.058,35.1,2.048,1.032
"2019-01-23 22:00:00",848,78.4,2.619,1.074,73.96,2.569,1.058,35.1,2.048,1.032
"2019-01-23 23:00:00",849,78.4,2.619,1.074,73.96,2.569,1.058,35.1,2.048,1.032
"2019-01-24 00:00:00",850,78.4,2.619,1.074,73.96,2.569,1.058,35.1,2.048,1.031
"2019-01-24 01:00:00",851,78.4,2.619,1.074,73.96,2.569,1.058,35.1,2.048,1.032
"2019-01-24 02:00:00",852,78.4,2.619,1.074,73.97,2.569,1.058,35.1,2.048,1.032
"2019-01-24 03:00:00",853,78.4,2.619,1.074,73.96,2.569,1.058,35.1,2.048,1.032
"2019-01-24 04:00:00",854,78.4,2.619,1.074,73.96,2.569,1.058,35.1,2.048,1.032
"2019-01-24 05:00:00",855,78.4,2.619,1.074,73.97,2.569,1.058,35.1,2.048,1.032
"2019-01-24 06:00:00",856,78.4,2.619,1.074,73.96,2.569,1.058,35.1,2.048,1.032
"2019-01-24 07:00:00",857,78.4,2.619,1.074,73.96,2.569,1.058,35.09,2.048,1.031
"2019-01-24 08:00:00",858,78.4,2.619,1.074,73.97,2.569,1.058,35.1,2.048,1.032
"2019-01-24 09:00:00",859,78.4,2.619,1.074,73.96,2.569,1.058,35.1,2.048,1.032
"2019-01-24 10:00:00",860,78.4,2.619,1.074,73.96,2.569,1.058,35.1,2.048,1.031
"2019-01-24 11:00:00",861,78.4,2.619,1.074,73.96,2.569,1.058,35.1,2.048,1.032
"2019-01-24 12:00:00",862,78.4,2.619,1.074,73.96,2.569,1.058,35.09,2.048,1.031
"2019-01-24 13:00:00",863,78.4,2.619,1.074,73.96,2.569,1.058,35.1,2.048,1.031
"2019-01-24 14:00:00",864,78.39,2.619,1.073,73.96,2.569,1.058,35.09,2.048,1.031
"2019-01-24 15:00:00",865,78.4,2.619,1.074,73.96,2.569,1.058,35.09,2.048,1.031
"2019-01-24 16:00:00",866,78.4,2.619,1.074,73.96,2.569,1.058,35.03,2.047,1.032
"2019-01-24 17:00:00",867,78.39,2.619,1.073,73.96,2.569,1.058,35.1,2.048,1.032
"2019-01-24 18:00:00",868,78.4,2.619,1.074,73.96,2.569,1.058,35.1,2.048,1.032
"2019-01-24 19:00:00",869,78.4,2.619,1.074,73.96,2.569,1.058,35.1,2.048,1.032
"2019-01-24 20:00:00",870,78.4,2.619,1.074,73.96,2.569,1.058,35.09,2.048,1.031
"2019-01-24 21:00:00",871,78.4,2.619,1.074,73.97,2.569,1.058,35.1,2.048,1.031
"2019-01-24 22:00:00",872,78.41,2.619,1.075,73.96,2.569,1.058,35.1,2.048,1.032
"2019-01-24 23:00:00",873,78.41,2.619,1.075,73.96,2.569,1.058,35.1,2.048,1.032
"2019-01-25 00:00:00",874,78.4,2.619,1.074,74.06,2.57,1.058,35.1,2.048,1.031
"2019-01-25 01:00:00",875,78.41,2.619,1.075,74.06,2.57,1.058,35.1,2.048,1.031
"2019-01-25 02:00:00",876,78.4,2.619,1.074,74.06,2.57,1.058,35.1,2.048,1.032
"2019-01-25 03:00:00",877,78.41,2.619,1.075,74.06,2.57,1.058,35.1,2.048,1.031
"2019-01-25 04:00:00",878,78.41,2.619,1.075,74.06,2.57,1.058,35.09,2.048,1.031
"2019-01-25 05:00:00",879,78.4,2.619,1.074,74.06,2.57,1.058,35.1,2.048,1.031
"2019-01-25 06:00:00",880,78.4,2.619,1.074,74.06,2.57,1.058,35.1,2.048,1.031
"2019-01-25 07:00:00",881,78.4,2.619,1.074,74.06,2.57,1.058,35.1,2.048,1.032
"2019-01-25 08:00:00",882,78.41,2.619,1.075,74.06,2.57,1.058,35.1,2.048,1.032
"2019-01-25 09:00:00",883,78.41,2.619,1.075,74.05,2.57,1.057,35.1,2.048,1.031
"2019-01-25 10:00:00",884,78.4,2.619,1.074,74.06,2.57,1.058,35.1,2.048,1.032
"2019-01-25 11:00:00",885,78.41,2.619,1.075,74.06,2.57,1.058,35.1,2.048,1.032
"2019-01-25 12:00:00",886,78.4,2.619,1.074,74.06,2.57,1.058,35.1,2.048,1.032
"2019-01-25 13:00:00",887,78.41,2.619,1.075,74.06,2.57,1.057,35.09,2.048,1.031
"2019-01-25 14:00:00",888,78.41,2.619,1.075,74.06,2.57,1.058,35.1,2.048,1.032
"2019-01-25 15:00:00",889,78.41,2.619,1.075,74.06,2.57,1.058,35.09,2.048,1.031
"2019-01-25 16:00:00",890,78.5,2.62,1.075,74.06,2.57,1.058,35.09,2.048,1.031
"2019-01-25 17:00:00",891,78.52,2.62,1.075,74.06,2.57,1.058,35.1,2.048,1.032
"2019-01-25 18:00:00",892,78.61,2.621,1.075,74.06,2.57,1.058,35.1,2.048,1.032
"2019-01-25 19:00:00",893,78.61,2.621,1.075,74.06,2.57,1.058,35.1,2.048,1.032
"2019-01-25 20:00:00",894,78.61,2.621,1.075,74.06,2.57,1.058,35.16,2.049,1.031
"2019-01-25 21:00:00",895,78.7,2.622,1.075,74.16,2.571,1.058,35.16,2.049,1.031
"2019-01-25 22:00:00",896,78.7,2.622,1.074,74.16,2.571,1.058,35.22,2.05,1.031
"2019-01-25 23:00:00",897,78.7,2.622,1.074,74.16,2.571,1.058,35.22,2.05,1.032
"2019-01-26 00:00:00",898,78.71,2.622,1.075,74.15,2.571,1.058,35.22,2.05,1.031
"2019-01-26 01:00:00",899,78.7,2.622,1.074,74.16,2.571,1.058,35.22,2.05,1.031
"2019-01-26 02:00:00",900,78.7,2.622,1.075,74.16,2.571,1.058,35.22,2.05,1.031
"2019-01-26 03:00:00",901,78.7,2.622,1.074,74.15,2.571,1.057,35.22,2.05,1.031
"2019-01-26 04:00:00",902,78.7,2.622,1.074,74.16,2.571,1.058,35.22,2.05,1.032
"2019-01-26 05:00:00",903,78.81,2.623,1.075,74.16,2.571,1.058,35.28,2.052,1.031
"2019-01-26 06:00:00",904,78.8,2.623,1.075,74.15,2.571,1.058,35.28,2.052,1.031
"2019-01-26 07:00:00",905,78.8,2.623,1.074,74.16,2.571,1.058,35.28,2.052,1.031
"2019-01-26 08:00:00",906,78.81,2.623,1.075,74.16,2.571,1.058,35.28,2.052,1.032
"2019-01-26 09:00:00",907,78.9,2.625,1.074,74.16,2.571,1.058,35.28,2.052,1.032
"2019-01-26 10:00:00",908,78.91,2.625,1.075,74.16,2.571,1.058,35.34,2.053,1.032
"2019-01-26 11:00:00",909,78.91,2.625,1.075,74.16,2.571,1.058,35.34,2.053,1.031
"2019-01-26 12:00:00",910,78.91,2.625,1.075,74.15,2.571,1.057,35.34,2.053,1.032
"2019-01-26 13:00:00",911,78.91,2.625,1.075,74.16,2.571,1.058,35.34,2.053,1.031
"2019-01-26 14:00:00",912,78.91,2.625,1.075,74.16,2.571,1.058,35.34,2.053,1.031
"2019-01-26 15:00:00",913,78.91,2.625,1.075,74.25,2.572,1.058,35.34,2.053,1.031
"2019-01-26 16:00:00",914,78.91,2.625,1.075,74.26,2.572,1.058,35.34,2.053,1.031
"2019-01-26 17:00:00",915,78.91,2.625,1.075,74.25,2.572,1.058,35.35,2.053,1.032
"2019-01-26 18:00:00",916,78.91,2.624,1.076,74.26,2.572,1.059,35.41,2.054,1.031
"2019-01-26 19:00:00",917,78.82,2.623,1.076,74.26,2.572,1.058,35.41,2.054,1.031
"2019-01-26 20:00:00",918,78.81,2.623,1.075,74.25,2.572,1.058,35.41,2.054,1.031
"2019-01-26 21:00:00",919,78.82,2.623,1.076,74.26,2.572,1.058,35.41,2.054,1.031
"2019-01-26 22:00:00",920,78.82,2.623,1.076,74.25,2.572,1.058,35.41,2.054,1.032
"2019-01-26 23:00:00",921,78.82,2.623,1.076,74.25,2.572,1.058,35.41,2.054,1.032
"2019-01-27 00:00:00",922,78.71,2.622,1.075,74.25,2.572,1.058,35.41,2.054,1.031
"2019-01-27 01:00:00",923,78.72,2.622,1.076,74.16,2.571,1.058,35.34,2.053,1.032
"2019-01-27 02:00:00",924,78.72,2.622,1.077,74.16,2.571,1.058,35.34,2.053,1.031
"2019-01-27 03:00:00",925,78.72,2.622,1.076,74.26,2.572,1.058,35.41,2.054,1.031
"2019-01-27 04:00:00",926,78.73,2.622,1.077,74.25,2.572,1.058,35.41,2.054,1.031
"2019-01-27 05:00:00",927,78.72,2.622,1.076,74.25,2.572,1.058,35.41,2.054,1.032
"2019-01-27 06:00:00",928,78.73,2.622,1.077,74.25,2.572,1.058,35.41,2.054,1.031
"2019-01-27 07:00:00",929,78.73,2.622,1.077,74.25,2.572,1.058,35.41,2.054,1.031
"2019-01-27 08:00:00",930,78.72,2.622,1.076,74.25,2.572,1.058,35.41,2.054,1.031
"2019-01-27 09:00:00",931,78.72,2.622,1.077,74.25,2.572,1.058,35.41,2.054,1.031
"2019-01-27 10:00:00",932,78.63,2.621,1.077,74.16,2.571,1.058,35.41,2.054,1.031
"2019-01-27 11:00:00",933,78.62,2.621,1.077,74.25,2.572,1.058,35.41,2.054,1.032
"2019-01-27 12:00:00",934,78.63,2.621,1.077,74.26,2.572,1.058,35.47,2.055,1.032
"2019-01-27 13:00:00",935,78.62,2.621,1.076,74.25,2.572,1.058,35.47,2.055,1.031
"2019-01-27 14:00:00",936,78.62,2.621,1.077,74.25,2.572,1.058,35.47,2.055,1.031
"2019-01-27 15:00:00",937,78.63,2.621,1.077,74.25,2.572,1.058,35.47,2.055,1.031
"2019-01-27 16:00:00",938,78.63,2.621,1.077,74.25,2.572,1.057,35.47,2.055,1.031
"2019-01-27 17:00:00",939,78.63,2.621,1.078,74.25,2.572,1.058,35.47,2.055,1.031
"2019-01-27 18:00:00",940,78.63,2.621,1.078,74.25,2.572,1.058,35.47,2.055,1.032
"2019-01-27 19:00:00",941,78.63,2.621,1.077,74.25,2.572,1.058,35.47,2.055,1.032
"2019-01-27 20:00:00",942,78.63,2.621,1.078,74.25,2.572,1.058,35.47,2.055,1.031
"2019-01-27 21:00:00",943,78.63,2.621,1.078,74.25,2.572,1.058,35.41,2.054,1.031
"2019-01-27 22:00:00",944,78.63,2.621,1.078,74.25,2.572,1.058,35.47,2.055,1.032
"2019-01-27 23:00:00",945,78.63,2.621,1.077,74.26,2.572,1.058,35.47,2.055,1.032
"2019-01-28 00:00:00",946,78.64,2.621,1.078,74.25,2.572,1.058,35.47,2.055,1.031
"2019-01-28 01:00:00",947,78.63,2.621,1.078,74.25,2.572,1.058,35.47,2.055,1.031
"2019-01-28 02:00:00",948,78.54,2.62,1.078,74.25,2.572,1.058,35.47,2.055,1.031
"2019-01-28 03:00:00",949,78.54,2.62,1.078,74.26,2.572,1.058,35.47,2.055,1.031
"2019-01-28 04:00:00",950,78.54,2.62,1.079,74.26,2.573,1.058,35.47,2.055,1.031
"2019-01-28 05:00:00",951,78.54,2.62,1.078,74.35,2.574,1.058,35.47,2.055,1.032
"2019-01-28 06:00:00",952,78.53,2.62,1.078,74.35,2.574,1.058,35.47,2.055,1.031
"2019-01-28 07:00:00",953,78.44,2.619,1.078,74.35,2.574,1.058,35.47,2.055,1.031
"2019-01-28 08:00:00",954,78.44,2.619,1.079,74.35,2.574,1.058,35.47,2.055,1.032
"2019-01-28 09:00:00",955,78.45,2.619,1.079,74.35,2.574,1.058,35.47,2.055,1.031
"2019-01-28 10:00:00",956,78.45,2.619,1.079,74.26,2.573,1.058,35.47,2.055,1.031
"2019-01-28 11:00:00",957,78.44,2.619,1.078,74.35,2.574,1.058,35.47,2.055,1.031
"2019-01-28 12:00:00",958,78.45,2.619,1.079,74.26,2.573,1.058,35.47,2.055,1.031
"2019-01-28 13:00:00",959,78.45,2.619,1.079,74.35,2.574,1.058,35.47,2.055,1.031
"2019-01-28 14:00:00",960,78.45,2.619,1.079,74.35,2.574,1.058,35.47,2.055,1.032
"2019-01-28 15:00:00",961,78.45,2.619,1.079,74.35,2.574,1.058,35.47,2.055,1.031
"2019-01-28 16:00:00",962,78.55,2.62,1.079,74.35,2.574,1.058,35.47,2.055,1.031
"2019-01-28 17:00:00",963,78.55,2.62,1.079,74.26,2.572,1.058,35.47,2.055,1.032
"2019-01-28 18:00:00",964,78.55,2.62,1.079,74.25,2.572,1.058,35.47,2.055,1.031
"2019-01-28 19:00:00",965,78.55,2.62,1.08,74.26,2.572,1.058,35.47,2.055,1.031
"2019-01-28 20:00:00",966,78.55,2.62,1.079,74.26,2.572,1.058,35.47,2.055,1.032
"2019-01-28 21:00:00",967,78.55,2.62,1.08,74.26,2.572,1.058,35.47,2.055,1.032
"2019-01-28 22:00:00",968,78.55,2.62,1.08,74.25,2.572,1.058,35.41,2.054,1.032
"2019-01-28 23:00:00",969,78.55,2.62,1.08,74.25,2.572,1.058,35.41,2.054,1.031
"2019-01-29 00:00:00",970,78.56,2.62,1.08,74.26,2.572,1.058,35.41,2.054,1.031
"2019-01-29 01:00:00",971,78.56,2.62,1.08,74.26,2.572,1.058,35.41,2.054,1.031
"2019-01-29 02:00:00",972,78.56,2.62,1.081,74.26,2.572,1.058,35.41,2.054,1.031
"2019-01-29 03:00:00",973,78.55,2.62,1.08,74.26,2.572,1.058,35.41,2.054,1.031
"2019-01-29 04:00:00",974,78.46,2.619,1.081,74.16,2.571,1.058,35.41,2.054,1.031
"2019-01-29 05:00:00",975,78.46,2.619,1.08,74.16,2.571,1.058,35.41,2.054,1.032
"2019-01-29 06:00:00",976,78.46,2.619,1.081,74.16,2.571,1.058,35.34,2.053,1.031
"2019-01-29 07:00:00",977,78.47,2.619,1.081,74.16,2.571,1.058,35.34,2.053,1.031
"2019-01-29 08:00:00",978,78.47,2.619,1.081,74.16,2.571,1.059,35.34,2.053,1.031
"2019-01-29 09:00:00",979,78.47,2.619,1.081,74.16,2.571,1.059,35.34,2.053,1.031
"2019-01-29 10:00:00",980,78.46,2.619,1.081,74.16,2.571,1.059,35.34,2.053,1.031
"2019-01-29 11:00:00",981,78.47,2.619,1.081,74.16,2.571,1.059,35.28,2.052,1.031
"2019-01-29 12:00:00",982,78.47,2.619,1.082,74.16,2.571,1.058,35.28,2.052,1.031
"2019-01-29 13:00:00",983,78.47,2.619,1.082,74.16,2.571,1.059,35.34,2.053,1.031
"2019-01-29 14:00:00",984,78.47,2.619,1.082,74.16,2.571,1.059,35.34,2.053,1.032
"2019-01-29 15:00:00",985,78.47,2.619,1.081,74.16,2.571,1.058,35.34,2.053,1.031
"2019-01-29 16:00:00",986,78.47,2.619,1.082,74.16,2.571,1.059,35.28,2.052,1.031
"2019-01-29 17:00:00",987,78.46,2.619,1.081,74.16,2.571,1.058,35.28,2.052,1.032
"2019-01-29 18:00:00",988,78.46,2.619,1.081,74.16,2.571,1.058,35.28,2.052,1.032
"2019-01-29 19:00:00",989,78.47,2.619,1.082,74.16,2.571,1.059,35.28,2.052,1.031
"2019-01-29 20:00:00",990,78.47,2.619,1.081,74.16,2.571,1.059,35.28,2.051,1.032
"2019-01-29 21:00:00",991,78.47,2.619,1.082,74.16,2.571,1.058,35.22,2.05,1.031
"2019-01-29 22:00:00",992,78.47,2.619,1.081,74.16,2.571,1.059,35.22,2.05,1.031
"2019-01-29 23:00:00",993,78.47,2.619,1.082,74.16,2.571,1.059,35.22,2.05,1.031
"2019-01-30 00:00:00",994,78.47,2.619,1.082,74.16,2.571,1.059,35.22,2.05,1.031
"2019-01-30 01:00:00",995,78.47,2.619,1.082,74.16,2.571,1.059,35.22,2.05,1.031
"2019-01-30 02:00:00",996,78.47,2.619,1.082,74.15,2.571,1.058,35.22,2.05,1.032
"2019-01-30 03:00:00",997,78.47,2.619,1.082,74.07,2.57,1.059,35.22,2.05,1.031
"2019-01-30 04:00:00",998,78.47,2.619,1.082,74.06,2.57,1.058,35.22,2.05,1.032
"2019-01-30 05:00:00",999,78.37,2.618,1.082,74.07,2.57,1.059,35.22,2.05,1.031
"2019-01-30 06:00:00",1000,78.37,2.618,1.082,74.06,2.57,1.059,35.22,2.05,1.031
"2019-01-30 07:00:00",1001,78.37,2.618,1.081,74.07,2.57,1.059,35.28,2.052,1.031
"2019-01-30 08:00:00",1002,78.37,2.618,1.082,74.06,2.57,1.058,35.28,2.052,1.031
"2019-01-30 09:00:00",1003,78.37,2.618,1.081,74.06,2.57,1.058,35.28,2.052,1.031
"2019-01-30 10:00:00",1004,78.37,2.618,1.081,74.06,2.57,1.058,35.28,2.052,1.031
"2019-01-30 11:00:00",1005,78.38,2.618,1.082,74.07,2.57,1.059,35.28,2.052,1.031
"2019-01-30 12:00:00",1006,78.47,2.619,1.082,74.06,2.57,1.058,35.28,2.051,1.031
"2019-01-30 13:00:00",1007,78.47,2.619,1.082,74.07,2.57,1.058,35.22,2.05,1.031
"2019-01-30 14:00:00",1008,78.47,2.619,1.082,74.16,2.571,1.058,35.22,2.05,1.031
"2019-01-30 15:00:00",1009,78.47,2.619,1.082,74.16,2.571,1.059,35.22,2.05,1.031
"2019-01-30 16:00:00",1010,78.47,2.619,1.082,74.16,2.571,1.059,35.22,2.05,1.031
"2019-01-30 17:00:00",1011,78.47,2.619,1.081,74.16,2.571,1.059,35.22,2.05,1.032
"2019-01-30 18:00:00",1012,78.57,2.62,1.082,74.16,2.571,1.059,35.22,2.05,1.031
"2019-01-30 19:00:00",1013,78.57,2.62,1.082,74.16,2.571,1.058,35.28,2.052,1.031
"2019-01-30 20:00:00",1014,78.57,2.62,1.081,74.16,2.571,1.059,35.34,2.053,1.031
"2019-01-30 21:00:00",1015,78.47,2.619,1.082,74.16,2.571,1.059,35.41,2.054,1.031
"2019-01-30 22:00:00",1016,78.47,2.619,1.082,74.16,2.571,1.059,35.4,2.054,1.031
"2019-01-30 23:00:00",1017,78.47,2.619,1.082,74.16,2.571,1.059,35.34,2.053,1.031
"2019-01-31 00:00:00",1018,78.47,2.619,1.082,74.16,2.571,1.059,35.34,2.053,1.031
"2019-01-31 01:00:00",1019,78.47,2.619,1.082,74.16,2.571,1.059,35.28,2.051,1.032
"2019-01-31 02:00:00",1020,78.57,2.62,1.082,74.06,2.57,1.059,35.22,2.05,1.031
"2019-01-31 03:00:00",1021,78.47,2.619,1.081,74.07,2.57,1.059,35.22,2.05,1.031
"2019-01-31 04:00:00",1022,78.47,2.619,1.082,74.06,2.57,1.059,35.22,2.05,1.031
"2019-01-31 05:00:00",1023,78.47,2.619,1.082,74.07,2.57,1.059,35.22,2.05,1.031
"2019-01-31 06:00:00",1024,78.37,2.618,1.082,74.07,2.57,1.059,35.22,2.05,1.031
"2019-01-31 07:00:00",1025,78.27,2.617,1.081,74.06,2.57,1.058,35.28,2.052,1.031
"2019-01-31 08:00:00",1026,78.27,2.617,1.082,74.06,2.57,1.058,35.28,2.052,1.031
"2019-01-31 09:00:00",1027,78.17,2.616,1.081,74.07,2.57,1.059,35.28,2.052,1.031
"2019-01-31 10:00:00",1028,78.16,2.616,1.081,74.07,2.57,1.059,35.28,2.052,1.031
"2019-01-31 11:00:00",1029,78.17,2.616,1.081,74.07,2.57,1.059,35.28,2.052,1.031
"2019-01-31 12:00:00",1030,78.26,2.617,1.081,74.07,2.57,1.059,35.28,2.051,1.031
"2019-01-31 13:00:00",1031,78.27,2.617,1.081,74.06,2.57,1.058,35.22,2.05,1.031
"2019-01-31 14:00:00",1032,78.37,2.618,1.081,74.16,2.571,1.059,35.22,2.05,1.031
"2019-01-31 15:00:00",1033,78.47,2.619,1.082,74.16,2.571,1.058,35.22,2.05,1.031
"2019-01-31 16:00:00",1034,78.46,2.619,1.081,74.16,2.571,1.058,35.22,2.05,1.031
"2019-01-31 17:00:00",1035,78.47,2.619,1.081,74.16,2.571,1.059,35.22,2.05,1.031
"2019-01-31 18:00:00",1036,78.56,2.62,1.081,74.16,2.571,1.059,35.22,2.05,1.031
"2019-01-31 19:00:00",1037,78.56,2.62,1.081,74.07,2.57,1.059,35.22,2.05,1.031
"2019-01-31 20:00:00",1038,78.46,2.619,1.081,74.06,2.57,1.058,35.22,2.05,1.031
"2019-01-31 21:00:00",1039,78.37,2.618,1.081,74.06,2.57,1.058,35.28,2.052,1.032
"2019-01-31 22:00:00",1040,78.36,2.618,1.081,74.07,2.57,1.059,35.28,2.052,1.031
"2019-01-31 23:00:00",1041,78.26,2.617,1.081,74.07,2.57,1.059,35.28,2.052,1.031
"2019-02-01 00:00:00",1042,78.26,2.617,1.081,74.06,2.57,1.058,35.28,2.052,1.031
"2019-02-01 01:00:00",1043,78.26,2.617,1.081,74.06,2.57,1.058,35.28,2.052,1.031
"2019-02-01 02:00:00",1044,78.16,2.616,1.081,74.06,2.57,1.058,35.28,2.052,1.031
"2019-02-01 03:00:00",1045,78.16,2.616,1.081,74.07,2.57,1.059,35.28,2.052,1.031
"2019-02-01 04:00:00",1046,78.27,2.617,1.081,74.16,2.571,1.059,35.28,2.052,1.031
"2019-02-01 05:00:00",1047,78.37,2.618,1.081,74.16,2.571,1.059,35.28,2.052,1.031
"2019-02-01 06:00:00",1048,78.46,2.619,1.081,74.16,2.571,1.059,35.28,2.052,1.031
"2019-02-01 07:00:00",1049,78.46,2.619,1.081,74.16,2.571,1.059,35.28,2.051,1.031
"2019-02-01 08:00:00",1050,78.46,2.619,1.08,74.16,2.571,1.059,35.22,2.05,1.031
"2019-02-01 09:00:00",1051,78.46,2.619,1.081,74.16,2.571,1.059,35.22,2.05,1.031
"2019-02-01 10:00:00",1052,78.46,2.619,1.081,74.16,2.571,1.059,35.22,2.05,1.031
"2019-02-01 11:00:00",1053,78.46,2.619,1.08,74.16,2.571,1.059,35.22,2.05,1.031
"2019-02-01 12:00:00",1054,78.56,2.62,1.08,74.16,2.571,1.059,35.22,2.05,1.031
"2019-02-01 13:00:00",1055,78.56,2.62,1.08,74.16,2.571,1.058,35.22,2.05,1.031
"2019-02-01 14:00:00",1056,78.56,2.62,1.08,74.16,2.571,1.058,35.34,2.053,1.031
"2019-02-01 15:00:00",1057,78.46,2.619,1.08,74.16,2.571,1.059,35.41,2.054,1.031
"2019-02-01 16:00:00",1058,78.45,2.619,1.08,74.16,2.571,1.058,35.53,2.056,1.031
"2019-02-01 17:00:00",1059,78.45,2.619,1.08,74.25,2.572,1.058,35.53,2.056,1.031
"2019-02-01 18:00:00",1060,78.46,2.619,1.081,74.26,2.572,1.059,35.53,2.056,1.031
"2019-02-01 19:00:00",1061,78.46,2.619,1.08,74.26,2.572,1.059,35.53,2.056,1.031
"2019-02-01 20:00:00",1062,78.46,2.619,1.08,74.25,2.572,1.058,35.53,2.056,1.031
"2019-02-01 21:00:00",1063,78.45,2.619,1.08,74.26,2.572,1.059,35.53,2.056,1.032
"2019-02-01 22:00:00",1064,78.46,2.619,1.08,74.26,2.572,1.059,35.47,2.055,1.031
"2019-02-01 23:00:00",1065,78.46,2.619,1.081,74.26,2.572,1.059,35.53,2.056,1.031
"2019-02-02 00:00:00",1066,78.47,2.619,1.081,74.26,2.572,1.059,35.47,2.055,1.031
"2019-02-02 01:00:00",1067,78.46,2.619,1.081,74.26,2.572,1.058,35.47,2.055,1.031
"2019-02-02 02:00:00",1068,78.46,2.619,1.08,74.26,2.572,1.059,35.47,2.055,1.031
"2019-02-02 03:00:00",1069,78.46,2.619,1.08,74.26,2.572,1.058,35.47,2.055,1.031
"2019-02-02 04:00:00",1070,78.46,2.619,1.08,74.26,2.572,1.059,35.47,2.055,1.032
"2019-02-02 05:00:00",1071,78.45,2.619,1.08,74.26,2.572,1.059,35.47,2.055,1.031
"2019-02-02 06:00:00",1072,78.45,2.619,1.08,74.26,2.572,1.059,35.47,2.055,1.031
"2019-02-02 07:00:00",1073,78.46,2.619,1.08,74.26,2.572,1.059,35.47,2.055,1.031
"2019-02-02 08:00:00",1074,78.46,2.619,1.08,74.26,2.572,1.059,35.47,2.055,1.031
"2019-02-02 09:00:00",1075,78.46,2.619,1.08,74.26,2.572,1.059,35.47,2.055,1.031
"2019-02-02 10:00:00",1076,78.46,2.619,1.08,74.26,2.572,1.059,35.47,2.055,1.031
"2019-02-02 11:00:00",1077,78.46,2.619,1.08,74.26,2.572,1.059,35.47,2.055,1.031
"2019-02-02 12:00:00",1078,78.36,2.618,1.08,74.27,2.572,1.06,35.47,2.055,1.032
"2019-02-02 13:00:00",1079,78.36,2.618,1.08,74.26,2.572,1.059,35.47,2.055,1.031
"2019-02-02 14:00:00",1080,78.36,2.618,1.08,74.26,2.572,1.059,35.47,2.055,1.031
"2019-02-02 15:00:00",1081,78.35,2.618,1.08,74.26,2.572,1.059,35.47,2.055,1.031
"2019-02-02 16:00:00",1082,78.35,2.618,1.08,74.27,2.573,1.059,35.47,2.055,1.031
"2019-02-02 17:00:00",1083,78.36,2.618,1.08,74.36,2.574,1.059,35.47,2.055,1.031
"2019-02-02 18:00:00",1084,78.45,2.619,1.08,74.36,2.574,1.059,35.47,2.055,1.031
"2019-02-02 19:00:00",1085,78.45,2.619,1.08,74.36,2.574,1.059,35.47,2.055,1.031
"2019-02-02 20:00:00",1086,78.46,2.619,1.08,74.36,2.574,1.059,35.47,2.055,1.031
"2019-02-02 21:00:00",1087,78.46,2.619,1.081,74.36,2.574,1.059,35.47,2.055,1.031
"2019-02-02 22:00:00",1088,78.46,2.619,1.081,74.36,2.574,1.059,35.47,2.055,1.031
"2019-02-02 23:00:00",1089,78.46,2.619,1.081,74.36,2.574,1.059,35.47,2.055,1.032
"2019-02-03 00:00:00",1090,78.45,2.619,1.08,74.36,2.574,1.059,35.47,2.055,1.031
"2019-02-03 01:00:00",1091,78.45,2.619,1.08,74.36,2.574,1.059,35.47,2.055,1.031
"2019-02-03 02:00:00",1092,78.46,2.619,1.08,74.36,2.574,1.059,35.47,2.055,1.031
"2019-02-03 03:00:00",1093,78.46,2.619,1.081,74.36,2.574,1.059,35.47,2.055,1.031
"2019-02-03 04:00:00",1094,78.56,2.62,1.081,74.35,2.574,1.059,35.47,2.055,1.031
"2019-02-03 05:00:00",1095,78.56,2.62,1.08,74.26,2.572,1.059,35.47,2.055,1.031
"2019-02-03 06:00:00",1096,78.56,2.62,1.08,74.26,2.572,1.059,35.47,2.055,1.032
"2019-02-03 07:00:00",1097,78.56,2.62,1.08,74.26,2.572,1.059,35.47,2.055,1.031
"2019-02-03 08:00:00",1098,78.56,2.62,1.081,74.26,2.572,1.059,35.41,2.054,1.031
"2019-02-03 09:00:00",1099,78.56,2.62,1.081,74.26,2.572,1.059,35.41,2.054,1.031
"2019-02-03 10:00:00",1100,78.56,2.62,1.081,74.26,2.572,1.059,35.4,2.054,1.031
"2019-02-03 11:00:00",1101,78.56,2.62,1.081,74.26,2.572,1.059,35.34,2.053,1.031
"2019-02-03 12:00:00",1102,78.57,2.62,1.081,74.26,2.572,1.059,35.41,2.054,1.031
"2019-02-03 13:00:00",1103,78.56,2.62,1.08,74.26,2.572,1.059,35.41,2.054,1.031
"2019-02-03 14:00:00",1104,78.56,2.62,1.081,74.26,2.572,1.059,35.41,2.054,1.031
"2019-02-03 15:00:00",1105,78.56,2.62,1.08,74.26,2.572,1.059,35.41,2.054,1.031
"2019-02-03 16:00:00",1106,78.56,2.62,1.08,74.26,2.572,1.059,35.41,2.054,1.031
"2019-02-03 17:00:00",1107,78.56,2.62,1.08,74.26,2.572,1.059,35.34,2.053,1.031
"2019-02-03 18:00:00",1108,78.56,2.62,1.081,74.26,2.572,1.059,35.34,2.053,1.032
"2019-02-03 19:00:00",1109,78.55,2.62,1.08,74.26,2.572,1.059,35.34,2.053,1.032
"2019-02-03 20:00:00",1110,78.56,2.62,1.081,74.26,2.572,1.059,35.34,2.053,1.031
"2019-02-03 21:00:00",1111,78.56,2.62,1.081,74.26,2.572,1.059,35.28,2.052,1.031
"2019-02-03 22:00:00",1112,78.56,2.62,1.081,74.17,2.571,1.059,35.28,2.052,1.031
"2019-02-03 23:00:00",1113,78.56,2.62,1.08,74.17,2.571,1.059,35.28,2.051,1.031
"2019-02-04 00:00:00",1114,78.46,2.619,1.081,74.17,2.571,1.059,35.22,2.05,1.031
"2019-02-04 01:00:00",1115,78.47,2.619,1.081,74.17,2.571,1.059,35.22,2.05,1.031
"2019-02-04 02:00:00",1116,78.46,2.619,1.081,74.17,2.571,1.059,35.22,2.05,1.031
"2019-02-04 03:00:00",1117,78.46,2.619,1.081,74.17,2.571,1.059,35.22,2.05,1.031
"2019-02-04 04:00:00",1118,78.36,2.618,1.081,74.16,2.571,1.059,35.28,2.052,1.031
"2019-02-04 05:00:00",1119,78.37,2.618,1.081,74.17,2.571,1.059,35.28,2.052,1.031
"2019-02-04 06:00:00",1120,78.37,2.618,1.082,74.16,2.571,1.059,35.28,2.052,1.031
"2019-02-04 07:00:00",1121,78.26,2.617,1.081,74.17,2.571,1.059,35.28,2.052,1.031
"2019-02-04 08:00:00",1122,78.26,2.617,1.081,74.17,2.571,1.059,35.28,2.052,1.031
"2019-02-04 09:00:00",1123,78.27,2.617,1.081,74.16,2.571,1.059,35.28,2.052,1.031
"2019-02-04 10:00:00",1124,78.26,2.617,1.081,74.16,2.571,1.059,35.28,2.052,1.031
"2019-02-04 11:00:00",1125,78.26,2.617,1.081,74.16,2.571,1.059,35.28,2.051,1.031
"2019-02-04 12:00:00",1126,78.36,2.618,1.08,74.17,2.571,1.059,35.22,2.05,1.031
"2019-02-04 13:00:00",1127,78.46,2.619,1.081,74.17,2.571,1.059,35.22,2.05,1.031
"2019-02-04 14:00:00",1128,78.56,2.62,1.08,74.17,2.571,1.059,35.22,2.05,1.031
"2019-02-04 15:00:00",1129,78.55,2.62,1.08,74.17,2.571,1.059,35.22,2.05,1.031
"2019-02-04 16:00:00",1130,78.56,2.62,1.08,74.26,2.572,1.059,35.28,2.051,1.031
"2019-02-04 17:00:00",1131,78.55,2.62,1.08,74.26,2.572,1.059,35.22,2.05,1.031
"2019-02-04 18:00:00",1132,78.56,2.62,1.081,74.26,2.572,1.059,35.22,2.05,1.031
"2019-02-04 19:00:00",1133,78.56,2.62,1.08,74.26,2.572,1.059,35.22,2.05,1.031
"2019-02-04 20:00:00",1134,78.56,2.62,1.08,74.26,2.572,1.059,35.22,2.05,1.031
"2019-02-04 21:00:00",1135,78.56,2.62,1.08,74.26,2.572,1.059,35.22,2.05,1.031
"2019-02-04 22:00:00",1136,78.56,2.62,1.08,74.26,2.572,1.059,35.28,2.052,1.031
"2019-02-04 23:00:00",1137,78.56,2.62,1.08,74.26,2.572,1.059,35.28,2.052,1.031
"2019-02-05 00:00:00",1138,78.56,2.62,1.081,74.26,2.572,1.059,35.28,2.052,1.031
"2019-02-05 01:00:00",1139,78.56,2.62,1.081,74.27,2.572,1.06,35.34,2.053,1.031
"2019-02-05 02:00:00",1140,78.55,2.62,1.08,74.26,2.572,1.059,35.28,2.052,1.031
"2019-02-05 03:00:00",1141,78.56,2.62,1.081,74.26,2.572,1.059,35.34,2.053,1.031
"2019-02-05 04:00:00",1142,78.56,2.62,1.08,74.26,2.572,1.059,35.34,2.053,1.031
"2019-02-05 05:00:00",1143,78.56,2.62,1.08,74.26,2.572,1.059,35.34,2.053,1.031
"2019-02-05 06:00:00",1144,78.56,2.62,1.08,74.26,2.572,1.059,35.41,2.054,1.031
"2019-02-05 07:00:00",1145,78.56,2.62,1.08,74.26,2.572,1.059,35.4,2.054,1.031
"2019-02-05 08:00:00",1146,78.55,2.62,1.08,74.27,2.572,1.06,35.34,2.053,1.031
"2019-02-05 09:00:00",1147,78.55,2.62,1.08,74.26,2.572,1.059,35.34,2.053,1.031
"2019-02-05 10:00:00",1148,78.56,2.62,1.081,74.26,2.572,1.059,35.34,2.053,1.031
"2019-02-05 11:00:00",1149,78.56,2.62,1.081,74.26,2.572,1.059,35.34,2.053,1.031
"2019-02-05 12:00:00",1150,78.56,2.62,1.08,74.27,2.572,1.06,35.34,2.053,1.031
"2019-02-05 13:00:00",1151,78.56,2.62,1.08,74.26,2.572,1.059,35.28,2.052,1.031
"2019-02-05 14:00:00",1152,78.55,2.62,1.08,74.26,2.572,1.059,35.28,2.052,1.031
